0,68.98163122615556
1,71.97241853681103
2,72.45900526803509
3,74.06991602928599
4,75.31534395840444
5,76.67840852924341
6,77.90685689135633
7,79.12890619834639
8,79.9610684035502
9,80.77530656651925
10,81.27878754588573
11,81.59012629450021
12,81.62473380966372
13,81.10418761800325
14,80.28411887718504
15,79.12299801535941
16,77.6802501578182
17,76.15283522030774
18,76.0050302879073
19,75.93329767542352
20,76.32867869352816
21,76.83335010931802
22,77.66395081398062
23,77.86868952697341
24,78.27154023379914
25,78.26810637151708
26,78.15998315075954
27,77.95687827662032
28,78.05200991732042
29,78.05563640299907
30,78.13224300921769
31,78.19895655741882
32,78.28390561001395
33,78.0135556183566
34,77.67868408083662
35,77.12935132009149
36,76.48521131111379
37,75.73061291426606
38,75.0640048160253
39,74.27868248662817
40,73.49086679865364
41,72.65885458605948
42,71.94340861868619
43,71.9550658982732
44,72.13656302970932
45,72.55720050994093
46,73.094320407901
47,73.82500603029315
48,73.9506809909475
49,74.12351466209108
50,73.97688079937949
51,73.75812941471588
52,73.39587179115155
53,73.08723670415755
54,72.61054714902981
55,72.15392439170856
56,71.67388381794586
57,71.22073871706567
58,71.0046170939608
59,70.8130929171154
60,70.69259950053765
61,70.60828003206373
62,70.5452678996662
63,70.01941302678738
64,69.4205693286435
65,68.60328917123688
66,67.70764823337781
67,66.71330223511447
68,66.05579274088043
69,65.33257515892245
70,64.74899812198727
71,64.19537233042517
72,63.81867564587334
73,63.93182241000177
74,64.24760825940879
75,64.72726254631823
76,65.32101014985129
77,66.14098553146769
78,66.92431459820135
79,67.86330226858648
80,68.7494224722467
81,69.69079710653786
82,70.61667706307952
83,71.03824031202168
84,71.32985022959869
85,71.41961901783112
86,71.44765272820838
87,71.29902589099422
88,71.09255459608777
89,70.69370235887558
90,70.30498140606427
91,69.88604405543369
92,69.3012538911668
93,68.08967535044505
94,66.64576643329818
95,64.96201704594537
96,63.137059203084554
97,61.290928691385304
98,60.98365338945815
99,60.87984185054485
100,61.4203704412382
101,62.20194994979513
102,63.51575861369604
103,64.77762951493875
104,66.49433993949268
105,68.10630787724769
106,69.82485968136776
107,71.5012329497313
108,72.05593237052263
109,72.37455597316365
110,72.24610730038584
111,71.95641711688717
112,71.34084308224556
113,71.14129351439821
114,70.69140004292792
115,70.48183633816562
116,70.2922358711992
117,70.15691270018276
118,69.97478692167985
119,69.8455722122595
120,69.69122872286913
121,69.53779188962248
122,69.35405689061253
123,69.01485836823909
124,68.63467850007775
125,68.19694720568825
126,67.72704349380993
127,67.23402648170192
128,67.0037835273887
129,66.79772629768512
130,66.70727262270343
131,66.65344024305169
132,66.5967465213213
133,66.00986262598812
134,65.35743861306645
135,64.48159036351527
136,63.51260258166416
137,62.33681518265491
138,61.08963664959172
139,59.664843229170906
140,58.23781919371754
141,56.74600347658801
142,55.21427838706807
143,54.007707207140356
144,52.8384762945831
145,51.79945644575146
146,50.7840572620133
147,49.86324656960405
148,48.959198761868066
149,48.1610316572993
150,47.34129394375013
151,46.52488073543974
152,45.73906295392285
153,44.992439300874565
154,44.282992024726454
155,43.575217770995685
156,42.87044580285073
157,42.24348736399859
158,41.96913075698694
159,41.808071228831274
160,41.77646102102473
161,41.815707216290775
162,41.976081458430194
163,41.96278076691812
164,42.01854849180161
165,41.98072055352084
166,41.94379520344659
167,42.14107199576816
168,43.88471844636893
169,46.01585841898087
170,48.770297820278586
171,51.851024799987854
172,55.39047423873912
173,57.83911529319919
174,60.48761157265303
175,62.62985362353113
176,64.72963485694456
177,66.55876780548128
178,68.13872877659489
179,69.37895029240183
180,70.595451268891
181,71.77283105536908
182,72.83670136462652
183,74.04579093200068
184,75.15322614175932
185,76.36840978487434
186,77.61540574581669
187,78.87126388764221
188,79.98958699870244
189,81.09457869188809
190,82.1637407063613
191,83.23200427526899
192,84.22658603439534
193,85.02307141118087
194,85.73160230295221
195,86.38898179159436
196,87.01357518850452
197,87.54114807837296
198,88.02629972187992
199,88.435661107089
200,88.85706494432989
201,89.25706713881698
202,89.4984127268595
203,89.0617067074071
204,88.42068169809424
205,87.52505580854026
206,86.47700841795661
207,85.2834783393601
208,85.02456884162915
209,84.80480042838366
210,84.99791946858151
211,85.29758846301573
212,85.80611336958597
213,85.8987049147979
214,86.15410701248214
215,86.19361374162116
216,86.18704172062348
217,86.08628960595516
218,86.02998480408759
219,85.90953208466627
220,85.81904357581548
221,85.70886944098697
222,85.64492893304188
223,85.96337905298357
224,86.38926028279667
225,86.96278516985741
226,87.59885259025376
227,88.46949374976175
228,89.88331701719035
229,91.57645338300175
230,93.46073812548902
231,95.48499773156982
232,97.63797419958429
233,98.95996299222448
234,100.25788478948951
235,101.19500956983954
236,102.0383609107918
237,102.61838260557822
238,103.1137837065009
239,103.34637482293807
240,103.59533207389725
241,103.79140664735742
242,103.89320157517679
243,104.02919937523771
244,104.0976936626086
245,104.19552945780859
246,104.27443751076517
247,104.28703918680185
248,104.02136189875824
249,103.67843632034933
250,103.22323586460907
251,102.69549282747815
252,102.11650030352581
253,102.00218262921855
254,101.92701577497417
255,102.04639575036462
256,102.21660442028218
257,102.53940109020998
258,102.92439213787542
259,103.4661451360559
260,104.00101089194354
261,104.5652946039688
262,105.20874207534399
263,105.96145850059754
264,106.7931538249651
265,107.65599632968645
266,108.55428039476989
267,109.57454933571927
268,110.94072822751738
269,112.44570886823199
270,114.08054170877804
271,115.80780870393052
272,117.62466351616666
273,118.97073203057613
274,120.30703847929873
275,121.44062014792375
276,122.53228500411865
277,123.5625926868759
278,125.01748350195365
279,126.45310944882644
280,128.0901608550818
281,129.80505456052438
282,131.59623055545902
283,132.96854797456643
284,134.33756655791768
285,135.53039517820548
286,136.6845477758967
287,137.75218483844992
288,139.02568673165433
289,140.23941427475793
290,141.5668855651363
291,142.92638015475143
292,144.24899300906813
293,145.01346846708884
294,145.67081273241075
295,146.10800137957284
296,146.45113262575126
297,146.62559325736802
298,147.05294289401928
299,147.3774556995442
300,147.83930140758787
301,148.30702285773862
302,148.771225326605
303,148.9878033380367
304,149.190851575197
305,149.28718368135824
306,149.32956407440287
307,149.25064285337578
308,149.03869504635497
309,148.72412594852824
310,148.36607845347731
311,147.94629376637425
312,147.44522991456128
313,147.01785424958783
314,146.55764342094452
315,146.12827671954338
316,145.67193892196696
317,145.2341938078912
318,144.97563396528915
319,144.7841605702744
320,144.64894268886763
321,144.52363305641677
322,144.4065102496158
323,143.9940083050425
324,143.56474704298506
325,142.99371608307646
326,142.35552321961626
327,141.62653586906893
328,141.0323608199399
329,140.3889047884714
330,139.79959368837703
331,139.19487623579
332,138.60097271763993
333,137.9926316120456
334,137.40568425008723
335,136.7915301895084
336,136.15548748567068
337,135.52497750762996
338,134.99671752641476
339,134.4940474726959
340,134.01524074674793
341,133.53680160250957
342,133.01421250726693
343,132.0313475478896
344,130.95046619799317
345,129.66450144607273
346,128.2759483966054
347,126.81427009929412
348,126.02431760084417
349,125.26717097022824
350,124.78507584837719
351,124.38123596621297
352,124.18079551294774
353,123.92042670436862
354,123.83165812611529
355,123.66808748017841
356,123.52220612123382
357,123.37619446471572
358,123.01761005858499
359,122.6115280375513
360,122.10669349496467
361,121.56629052390244
362,120.91938198280515
363,120.06234422227836
364,119.0703948550513
365,117.99754546692941
366,116.86440338592243
367,115.58724784290408
368,114.07571988590018
369,112.4079593970955
370,110.65004243854742
371,108.80971721790851
372,106.9771953238255
373,105.9890050515533
374,105.13384784245521
375,104.61528968096086
376,104.21976011683974
377,104.1057479680021
378,103.89261283697688
379,103.91007372733074
380,103.82912999892173
381,103.782027710562
382,103.80744211459931
383,103.9857507150102
384,104.21857470493089
385,104.5045412048051
386,104.8437605341988
387,105.30382379058501
388,105.96312139442924
389,106.72202687960029
390,107.55279254876001
391,108.46125708908743
392,109.42642545234087
393,110.00006335970268
394,110.53350711971946
395,110.90662195977869
396,111.25203962317863
397,111.52833605809312
398,112.03835687821683
399,112.4904301864282
400,113.0675981111921
401,113.69364373800616
402,114.38207148125304
403,114.98125846911877
404,115.60680889103736
405,116.19980661791195
406,116.80952247227472
407,117.41313641752427
408,118.0070638994381
409,118.57930110028056
410,119.16513876937331
411,119.76794305230445
412,120.37664222303913
413,120.9978277150119
414,121.61707605532398
415,122.25695139676381
416,122.91710686995587
417,123.55869300378498
418,124.00928856376228
419,124.41347094865837
420,124.75548771753276
421,125.07609615393564
422,125.37929028327682
423,125.99679526721837
424,126.64299943080961
425,127.43801649839084
426,128.29271292289852
427,129.2256404202001
428,129.9633112926116
429,130.7452429105128
430,131.4457564674232
431,132.1402798739512
432,132.74048711591664
433,133.0397503772413
434,133.21547978795564
435,133.2923342846009
436,133.31001916976066
437,133.19049872426828
438,133.0491384191401
439,132.79843027571192
440,132.56656397745598
441,132.30176944973778
442,132.0241833309114
443,131.9882407291676
444,131.99778393643297
445,132.11117725779465
446,132.2527250000949
447,132.38409255706367
448,132.0031035775604
449,131.5636404280576
450,130.90754357780102
451,130.15394989649315
452,129.3006221980396
453,129.02366565027518
454,128.75661301022544
455,128.7429064822286
456,128.79274365134017
457,128.97582519688552
458,128.93877790089508
459,129.00680966172246
460,128.95383996972467
461,128.87897370203677
462,128.80145346089122
463,128.99407159316175
464,129.22311391428235
465,129.56332112028045
466,129.94513387287236
467,130.42908169309302
468,130.9541438643019
469,131.57221026385002
470,132.19040287827985
471,132.8369699003253
472,133.50152447652727
473,133.99651394501828
474,134.4733045119722
475,134.8787938764818
476,135.26670875142176
477,135.6131609119585
478,136.0168147598369
479,136.38341966982316
480,136.78410864016786
481,137.19176231151187
482,137.6068493872866
483,137.9950566819433
484,138.38335006667208
485,138.76148963923342
486,139.13961574958378
487,139.52522516008912
488,139.99259572745893
489,140.4751304111389
490,140.99364012048423
491,141.53063526436662
492,142.02065701831123
493,142.02589106737386
494,141.92329507602176
495,141.62574845317724
496,141.23914717960835
497,140.77941216635327
498,141.01394339544916
499,141.2845836289813
500,141.8584277981884
501,142.52973826946672
502,143.26056496018063
503,142.98718091013686
504,142.6383048368227
505,141.8537859064329
506,140.90782558907458
507,139.710410330226
508,139.09389039270073
509,138.34497298064878
510,137.8749086330501
511,137.44077656609085
512,137.14815150435444
513,136.93037147016528
514,136.86965185203746
515,136.80614801834076
516,136.76561946469815
517,136.80359186124005
518,136.96370044572515
519,137.21136475204122
520,137.4918332831751
521,137.80365120497092
522,138.1131757467759
523,138.0112217083421
524,137.8450854421973
525,137.50275618722355
526,137.0911390536138
527,136.54303638030638
528,136.05960433695935
529,135.46410778210375
530,134.91245165087625
531,134.33907965521297
532,133.72995792914367
533,133.0165489170842
534,132.26848103163104
535,131.47210665485085
536,130.63786017009394
537,129.76805550361038
538,129.01371237997122
539,128.25513844670928
540,127.53893516400606
541,126.8201806335045
542,126.19092653965062
543,125.95676717422305
544,125.86198365775236
545,125.90833646665016
546,126.02742827046443
547,126.11754961290004
548,125.04047120180999
549,123.7765817242238
550,122.01683124498649
551,120.04999994351803
552,117.99514783767609
553,118.00647309767915
554,118.22290142471748
555,119.31432153123217
556,120.72390866648203
557,122.58342217708967
558,122.84261427234043
559,123.27224218191051
560,122.95187702768592
561,122.4575178618004
562,121.59518847793724
563,121.16641174181018
564,120.44179330852758
565,119.96343907990432
566,119.49793698754922
567,119.12547684456834
568,118.96028022009848
569,118.90782664089068
570,118.92422820884687
571,118.98961821552267
572,119.11338604785756
573,118.98620059494107
574,118.8692154311408
575,118.63737776974867
576,118.3789140227789
577,118.08707207261034
578,118.01760761950472
579,117.93969883898454
580,117.96291718462086
581,118.02181865693719
582,118.11808154851349
583,117.99340373825967
584,117.86606192810086
585,117.64173361408304
586,117.39202662097281
587,117.10809197002732
588,117.016524356993
589,116.91524966845486
590,116.90334622847372
591,116.92113372528782
592,116.98865131618857
593,116.98365102573595
594,117.00961993181443
595,116.99990207210908
596,116.99181340435386
597,116.98014002547264
598,117.0050614104196
599,117.0261259563875
600,117.06751615965788
601,117.12020302497731
602,117.15785114878408
603,117.01281764073131
604,116.82668187898315
605,116.56988477112499
606,116.28383659793582
607,115.98256629322464
608,116.002457146846
609,116.05262885372068
610,116.24366615185396
611,116.48774707448834
612,116.8148837839134
613,116.96871252261383
614,117.17107664852934
615,117.29105813043223
616,117.40299413494505
617,117.41618168783305
618,117.05182130264208
619,116.54562778876661
620,115.90047470169296
621,115.17687148404124
622,114.36772869108276
623,114.02724751732053
624,113.68380354926796
625,113.55103613164204
626,113.474796588343
627,113.46102874210962
628,112.979748660463
629,112.50160889865522
630,111.81364814560278
631,111.05346949425794
632,110.23697490550552
633,110.01425204057396
634,109.82826521066453
635,109.89925835357094
636,110.05393145822632
637,110.30592146497095
638,109.96970541050469
639,109.6443026433308
640,109.053023269922
641,108.37953659153405
642,107.56996605609909
643,107.05665680814876
644,106.46417240534377
645,106.01629269681197
646,105.5880586570149
647,105.23819704922089
648,104.96575453755698
649,104.78098121014375
650,104.61161311592417
651,104.46409927143695
652,104.3311590571373
653,104.0014157561033
654,103.6567787515294
655,103.22473728298138
656,102.76163536465431
657,102.27057791589543
658,102.01235281572772
659,101.75963454514077
660,101.60767477644487
661,101.48791960097437
662,101.27746301761375
663,100.06124218509666
664,98.6322900141079
665,96.78937642412454
666,94.75403466355247
667,92.5914272954822
668,92.02763667248594
669,91.58314440094577
670,91.82318088449792
671,92.29037518704635
672,93.11188936476569
673,92.86969301048997
674,92.80277782882007
675,92.22366841674584
676,91.53106065302137
677,90.62096334324866
678,90.09855510381142
679,89.42116845777264
680,88.94214035263737
681,88.48999525825062
682,88.14481755548178
683,87.95690398887386
684,87.88526512700138
685,87.85930400969997
686,87.87812691099833
687,87.97021509656618
688,87.97875971363358
689,88.02985822207921
690,88.03548360867332
691,88.04796662847498
692,88.0502370102497
693,88.01435631912273
694,87.95046344998492
695,87.87641833617397
696,87.80296112034303
697,87.8790692373745
698,88.92529996518019
699,90.22068468402412
700,91.90875989104042
701,93.80214773080608
702,95.68242746559672
703,95.06001512206198
704,94.06426851940456
705,92.02790655866679
706,89.58910229166094
707,86.65946871719801
708,86.16973132086319
709,85.58203071105972
710,86.10404344828191
711,86.93325255658225
712,88.33351212503108
713,88.76502758169448
714,89.59072891402025
715,89.91429858062972
716,90.18246544052055
717,90.23338641655381
718,90.10501199955125
719,89.74051905305329
720,89.34546563509055
721,88.89317906145632
722,88.4735078935579
723,88.96959152480343
724,89.61976956616519
725,90.6557165576749
726,91.85483692255687
727,93.15176432422223
728,92.9854375077996
729,92.70240324831275
730,91.79405898672277
731,90.66886119270949
732,89.25694629706001
733,89.10139221625926
734,88.86390019994774
735,89.20632896460803
736,89.7033174574293
737,90.49867859483074
738,90.87388156259104
739,91.46816204369885
740,91.83838322043955
741,92.19512122827852
742,92.5146509647016
743,93.01530022129798
744,93.49602639570145
745,94.06777493971623
746,94.67468616355931
747,95.33817949371787
748,95.97605330855119
749,96.65286449615768
750,97.3188403357444
751,98.00256559648251
752,98.65190054616367
753,99.0192395901694
754,99.31032227963115
755,99.49788800878834
756,99.6424272506975
757,99.60148448082674
758,99.08459826286615
759,98.34427116200976
760,97.4376514425175
761,96.4148469927078
762,95.30139242273343
763,95.0151613355064
764,94.78405866860048
765,94.9123177356597
766,95.14772810252231
767,95.61423209747106
768,95.89640205685149
769,96.37376728279519
770,96.73305968782697
771,97.1000929002064
772,97.4835561255208
773,97.99081181933262
774,98.52260920035553
775,99.10771799004091
776,99.72331253634135
777,100.38232495303849
778,100.98216988839151
779,101.6041584912434
780,102.19981458117951
781,102.80237644829286
782,103.4009549073953
783,104.00095915764953
784,104.58887477538923
785,105.18500005082612
786,105.7898345324537
787,106.39733428162343
788,106.99645708935145
789,107.59123333242822
790,108.18897672341176
791,108.7937679451255
792,109.39862629119668
793,109.99618790743271
794,110.5894062051346
795,111.1863444554553
796,111.78906642587387
797,112.39192754650335
798,112.99485386068716
799,113.59632352837701
800,114.20429698916084
801,114.81833704288947
802,115.42777071451313
803,115.99669721925078
804,116.555989614976
805,117.10495068081114
806,117.65121209403353
807,118.33252974385843
808,119.91878199743468
809,121.74363513093546
810,123.93660670559917
811,126.31721378376093
812,128.83649427028925
813,129.96162404436163
814,131.00239134486245
815,131.4482045332023
816,131.7089886552019
817,131.61904558606335
818,132.13450616621947
819,132.41292139694852
820,133.01511518907986
821,133.66039394025282
822,134.3954598706131
823,134.94881741570885
824,135.57551386808393
825,136.11377926845415
826,136.63419540324873
827,137.0420124668707
828,137.0432414006744
829,136.90249578956804
830,136.6098269645911
831,136.2223892454447
832,135.88226030317355
833,136.9401019671503
834,138.2467439642114
835,140.1332735827538
836,142.25508265592103
837,144.56746976588596
838,144.9431983821071
839,145.22636514907407
840,144.66503099131623
841,143.82039535889592
842,142.50039091697204
843,142.1793583229776
844,141.57858092936456
845,141.47380313526344
846,141.4355858521513
847,141.62529085890222
848,141.88376539245027
849,142.38490454292523
850,142.8665069134084
851,143.3831642552168
852,143.9062893249836
853,143.99809210745914
854,144.0426961928122
855,143.89844311010808
856,143.67680040162205
857,143.315328211108
858,143.0527562306952
859,142.68758700621697
860,142.37825791750942
861,142.0468182760581
862,141.662276252308
863,141.02026464478317
864,140.31383719437702
865,139.4936500134786
866,138.60086140699397
867,137.64432060144188
868,137.01602448366964
869,136.39428664664604
870,135.90425805367175
871,135.43472933938432
872,134.970869803849
873,134.00380577438779
874,132.98977270342863
875,131.7439699536069
876,130.39306111984894
877,128.94226876098568
878,128.03386176385706
879,127.12407167881496
880,126.4387719231156
881,125.80172168021328
882,125.33210046384328
883,124.92938452549411
884,124.6923985486053
885,124.43759808235141
886,124.2089953782567
887,124.05804856603423
888,123.97531254096552
889,123.95834418523519
890,123.94637853176349
891,123.95756597580241
892,124.00815518074609
893,123.99633689652258
894,123.99173051289009
895,123.94827493630741
896,123.90489138613339
897,123.8802486551619
898,124.00111492172795
899,124.13862922505994
900,124.33159711643033
901,124.55804840416234
902,124.94698722060866
903,125.93009092267044
904,127.1143490031679
905,128.52557053824756
906,130.08084413197693
907,131.80959482974598
908,132.94859547452506
909,134.12396404280668
910,135.03541599476998
911,135.90904406140587
912,136.60380483750777
913,137.09160141372848
914,137.3593300714654
915,137.58427729847207
916,137.7642864825188
917,137.73311597567857
918,137.10245625039624
919,136.20156692236367
920,135.0883366227512
921,133.83693991013274
922,132.46379236913103
923,132.0291128688916
924,131.63546263022008
925,131.65360381527236
926,131.79213181108523
927,132.13201191233685
928,131.91747669025474
929,131.82392878373176
930,131.45997921624564
931,131.03380737408065
932,130.59747242952398
933,130.99036838186274
934,131.48527642585412
935,132.33251626070063
936,133.31854090075157
937,134.48371697378263
938,134.9373124509852
939,135.44497470124995
940,135.62863715619793
941,135.73705047327613
942,135.7085020889706
943,136.05598491769487
944,136.31942675954122
945,136.77112978522564
946,137.26984368919284
947,137.81014815993558
948,137.98725491730247
949,138.15088790875768
950,138.15934585881055
951,138.11942712907808
952,137.99059023754782
953,138.03357178627934
954,138.02175772070237
955,138.10029998817464
956,138.1922212307576
957,138.26580006056182
958,138.00987140554952
959,137.70143505198487
960,137.25715229639542
961,136.7505496357629
962,136.18286142605544
963,136.0151014157795
964,135.85822315482216
965,135.87742720438888
966,135.94491104939868
967,136.08982813665273
968,135.9678557204362
969,135.8877638691531
970,135.6795840574367
971,135.43621289049105
972,135.1432648288667
973,135.01766656297156
974,134.87388230006687
975,134.80654122578053
976,134.75434918929602
977,134.77448250409472
978,134.96480267638862
979,135.24509612953645
980,135.5834693212151
981,135.96227523702638
982,136.4321095308895
983,136.9612716200253
984,137.57191610484114
985,138.19507352847245
986,138.85160830521366
987,139.52627165921064
988,139.99875604223328
989,140.44664054934444
990,140.8121289357183
991,141.1576203146362
992,141.36045590195224
993,141.07132426286705
994,140.5836428200919
995,139.91520335512485
996,139.14032641601466
997,138.14077614667414
998,137.09340867920443
999,135.85680907221155
1000,134.63061349706902
1001,133.33898124018177
1002,132.12598032459596
1003,131.94014487959123
1004,131.98996192854855
1005,132.4484845255395
1006,133.07453201268424
1007,133.93554390896836
1008,133.91441387833285
1009,133.98531291992785
1010,133.64138247677755
1011,133.19258202466608
1012,132.53077732429048
1013,132.09323483632178
1014,131.48954519177548
1015,131.01275092923288
1016,130.53183845702443
1017,130.1155888729403
1018,129.96753548406969
1019,129.9201451040357
1020,129.96900049010674
1021,130.06741489827124
1022,130.2153329658991
1023,129.98879582443723
1024,129.75317200369068
1025,129.34822119371609
1026,128.8888257353361
1027,128.34736760044538
1028,128.03560157614396
1029,127.67945926816795
1030,127.43015292455568
1031,127.20101063361285
1032,127.04424306803772
1033,126.97012826645327
1034,126.97202031308497
1035,126.99331612675586
1036,127.03965898997826
1037,127.10701600026921
1038,126.99919404588033
1039,126.8798868504922
1040,126.68243797787764
1041,126.46184959636203
1042,126.20021984216758
1043,126.02108367103239
1044,125.81161199980346
1045,125.6429278856527
1046,125.4811767551545
1047,125.31525287836453
1048,125.00782896244112
1049,124.67667475688391
1050,124.28490962830418
1051,123.86744988433274
1052,123.40903613402382
1053,123.01963655525174
1054,122.60451009370608
1055,122.22255754100814
1056,121.84118895099981
1057,121.45938470206812
1058,121.00422427034677
1059,120.54242075347808
1060,120.04605131917114
1061,119.53268740102213
1062,119.05663357389547
1063,118.98018340290615
1064,118.99206655013586
1065,119.16352515291119
1066,119.40672559787235
1067,119.77337007608654
1068,119.95550186775844
1069,120.21447639208482
1070,120.37688220503611
1071,120.53761825541562
1072,120.69636700940632
1073,121.00545308018316
1074,121.31808036003194
1075,121.69976992003143
1076,122.11682606899079
1077,122.58343784382647
1078,122.98514985494336
1079,123.40900666033976
1080,123.80449511633279
1081,124.21006746962924
1082,124.61181752994867
1083,125.00601846845811
1084,125.38325226141893
1085,125.76659415015123
1086,126.16007668795271
1087,126.5617930440151
1088,126.99764873365291
1089,127.43696305249674
1090,127.89820404942851
1091,128.3774764253636
1092,128.83173741424142
1093,129.01569527992567
1094,129.13595802566334
1095,129.15467620039462
1096,129.13188769573364
1097,129.14270561581375
1098,129.9685367222935
1099,130.9331257315599
1100,132.24391446902618
1101,133.70526657325365
1102,135.31252883143404
1103,135.9529170533188
1104,136.5827406574418
1105,136.793071582785
1106,136.88457328510233
1107,136.75358126038304
1108,137.08598667340092
1109,137.27694634703423
1110,137.71024077573824
1111,138.18792002374803
1112,138.7240431598174
1113,138.97165003760537
1114,139.2424473459963
1115,139.38729184112017
1116,139.4954068179733
1117,139.57208588964136
1118,140.00024152154614
1119,140.4545951404701
1120,141.0672173830194
1121,141.73413963491848
1122,142.4756907177226
1123,142.96527264990766
1124,143.49167188912722
1125,143.90477833881295
1126,144.29317838984397
1127,144.62314752107034
1128,145.01832976264703
1129,145.37178475675748
1130,145.7675123383575
1131,146.16639265927793
1132,146.57367473442466
1133,146.98881243459377
1134,147.41818789677723
1135,147.8528410204426
1136,148.29093994523836
1137,148.71158999147434
1138,149.00279069351447
1139,149.26604695749563
1140,149.48009374877543
1141,149.66909090596747
1142,149.8137738901785
1143,150.01075943423493
1144,150.18298922303913
1145,150.3849835120451
1146,150.58423160479035
1147,150.78688279041666
1148,150.99081562962206
1149,151.20705889866852
1150,151.42205388990328
1151,151.63330307583277
1152,151.83580441754899
1153,151.99797086385468
1154,152.15392864803627
1155,152.2924842237012
1156,152.41830236542995
1157,152.56757234036073
1158,152.97940131764673
1159,153.45256683601426
1160,154.030818745189
1161,154.65439529201907
1162,155.36019693774327
1163,155.9623540375853
1164,156.62171205395882
1165,157.2246548188762
1166,157.82822309899066
1167,158.41866355655623
1168,159.00337177366467
1169,159.5686396566737
1170,160.13652589240766
1171,160.70612012872596
1172,161.2913809596468
1173,161.98754435942186
1174,162.70788465738093
1175,163.47558748676713
1176,164.26946932377408
1177,164.99668054405583
1178,165.03691068932494
1179,164.92294515681576
1180,164.5322739778251
1181,164.0155104622793
1182,163.30931614098884
1183,163.06610201558266
1184,162.729544752709
1185,162.61466245961097
1186,162.53041359436665
1187,162.71134146557924
1188,163.85892755023812
1189,165.38553225134777
1190,167.27225518877364
1191,169.3658060795731
1192,171.58024861456724
1193,171.9805427826164
1194,172.22561848667848
1195,171.69198502900812
1196,170.89103047974305
1197,169.61898894513456
1198,169.18633654272247
1199,168.44761689120264
1200,168.1387770550421
1201,167.87526051018807
1202,167.8034844731579
1203,167.90213400478208
1204,168.22029246969947
1205,168.5690712658594
1206,168.9656186092045
1207,169.46560800898806
1208,169.95200764945653
1209,170.52932933701257
1210,171.08089716580486
1211,171.64869854007998
1212,172.25957846707712
1213,172.979156230551
1214,173.7418061642912
1215,174.54460138338175
1216,175.37954551901677
1217,176.04172172310467
1218,176.53587107976728
1219,176.98589266356336
1220,177.35520415103574
1221,177.64141569672861
1222,178.17692142934501
1223,178.9955593216746
1224,179.91711317055135
1225,180.9879714338936
1226,182.16765347702466
1227,183.06341685718502
1228,183.66345408220226
1229,184.18994752931113
1230,184.5467177995641
1231,184.8242352458259
1232,185.10293864438748
1233,185.17453133871467
1234,185.21160494343752
1235,185.23051961200076
1236,185.22499400305733
1237,185.06340116966456
1238,184.76786019834464
1239,184.3645741566631
1240,183.9266152646836
1241,183.4235547523915
1242,183.11955253957893
1243,183.01901207285076
1244,182.9759741225319
1245,183.04451460885113
1246,183.20576090937038
1247,183.43609759373908
1248,183.04428986456642
1249,182.53214136313846
1250,181.75029714400574
1251,180.91762976757838
1252,179.93979426252722
1253,179.11183109354198
1254,178.10317786030316
1255,177.18862577281578
1256,176.30365559325352
1257,175.38831561093332
1258,174.0602521890592
1259,172.6068696924835
1260,170.99031810454005
1261,169.31927823496488
1262,167.5529993678988
1263,166.06884186692946
1264,164.5135110956089
1265,163.09721107643733
1266,161.7221088942269
1267,160.4130082289204
1268,159.0009541765797
1269,157.6196380858098
1270,156.18848798599018
1271,154.76216741362686
1272,153.22448764371347
1273,151.0856063569944
1274,148.7559491965203
1275,146.19498838782744
1276,143.51827938335958
1277,141.7735444086302
1278,140.89310472788526
1279,140.22030357851781
1280,139.97434651011937
1281,140.20253049240011
1282,139.93280442349513
1283,138.98814382934827
1284,137.8210135757209
1285,136.24222599024856
1286,134.521137353406
1287,132.2291751568783
1288,129.18214395942618
1289,125.69364804073501
1290,122.02060550761222
1291,118.08113828147589
1292,113.8782251847633
1293,111.01349049755666
1294,108.28051816295262
1295,106.16233147667549
1296,104.14891640404089
1297,102.35811731473606
1298,99.85474703574299
1299,97.60714725153262
1300,95.01607828195303
1301,92.28504548901037
1302,89.3931516301936
1303,87.02003206668685
1304,84.6831334329981
1305,82.57856898190778
1306,80.47662133393017
1307,78.52698542188006
1308,76.89909290606889
1309,75.53708704486063
1310,74.26709271916634
1311,73.03233077201611
1312,71.93728155781565
1313,70.92472184672103
1314,70.094434316888
1315,69.26138840965983
1316,68.44053836282266
1317,67.87724632060393
1318,67.63786642998373
1319,67.58027727412757
1320,67.63950682541824
1321,67.81171728167321
1322,67.90524624497941
1323,67.9455608431872
1324,68.03288988420393
1325,68.0532882303229
1326,68.04205076561098
1327,67.9705677802389
1328,67.98184407797179
1329,68.0209679031412
1330,68.10860667045293
1331,68.17575856038175
1332,68.31177902691205
1333,68.92584258863403
1334,69.72068933356469
1335,70.70590381548179
1336,71.76397042170296
1337,72.88247615450024
1338,74.18088732986767
1339,75.68848742577445
1340,77.2359819461982
1341,78.73620680055853
1342,79.93346401904529
1343,81.19925051771978
1344,82.4794220208643
1345,83.74849554456718
1346,84.86625654942233
1347,85.97037371882544
1348,87.09011110766207
1349,88.3373800181907
1350,89.5837739614415
1351,90.75436036777295
1352,91.9375966145397
1353,93.20362380723648
1354,94.57273480947121
1355,95.94237553985812
1356,97.18596917785915
1357,97.97199100379083
1358,98.72262123748105
1359,99.3659290936179
1360,99.90784974142845
1361,100.27171099097997
1362,100.98375667070658
1363,101.71894597039632
1364,102.6741398832491
1365,103.63654995344548
1366,104.66622227212198
1367,105.77165513418181
1368,106.96413124425543
1369,108.20602169922303
1370,109.41889137596918
1371,110.65850528590173
1372,112.04354199920147
1373,113.94119873813277
1374,115.98585719025822
1375,118.20355398801738
1376,120.54107144539454
1377,122.91202235632942
1378,124.02250948598964
1379,124.93524953602615
1380,125.30159855191837
1381,125.47781466377452
1382,125.13628651166344
1383,124.2413089056787
1384,122.7851737640057
1385,121.16350349836357
1386,119.34056558923655
1387,117.53656567158018
1388,117.94579425999142
1389,118.6885232002082
1390,120.33259884443524
1391,122.31945589363087
1392,124.83817268380588
1393,125.80045200900926
1394,127.00919359852642
1395,127.45999561705327
1396,127.75116922773654
1397,127.83370496466785
1398,129.08213355528906
1399,130.25854640883958
1400,131.9583813690882
1401,133.82805953869632
1402,135.78428694027934
1403,135.99933959124323
1404,136.0303370655042
1405,135.31018170281635
1406,134.3224887672846
1407,132.75237415446514
1408,131.25206340956984
1409,129.24298666930426
1410,127.34558148750469
1411,125.3318375008565
1412,123.17422031953325
1413,121.05055527524381
1414,118.85102358295661
1415,116.65700014476765
1416,114.39284691601931
1417,112.22048525903371
1418,110.93833498615173
1419,109.89880749586062
1420,109.18429984955607
1421,108.59211044065935
1422,108.30283093913057
1423,107.87775749731206
1424,107.70948358510482
1425,107.40926677605394
1426,107.12448010819223
1427,106.9171793120439
1428,106.97887760623213
1429,107.12034576450479
1430,107.34976192559796
1431,107.63986843782648
1432,108.11360463181235
1433,108.93323815246289
1434,109.92696682852261
1435,111.0331861432201
1436,112.24570792587694
1437,113.51922854672577
1438,114.00798362130354
1439,114.39931545455089
1440,114.45571467793012
1441,114.41581036591438
1442,114.27783567464836
1443,115.04134243595904
1444,115.80556549772825
1445,116.97360743222006
1446,118.29259338314905
1447,119.08217798880726
1448,119.43695356898836
1449,119.78551883127528
1450,119.8889567528673
1451,119.72589091848351
1452,119.70722658984408
1453,119.97682184547568
1454,120.38178977922985
1455,120.99034870454372
1456,121.6067116554821
1457,122.00049181917827
1458,122.2624458262983
1459,122.57259089130723
1460,122.76888864573237
1461,122.81927531929588
1462,122.52774585157519
1463,121.9819353157755
1464,121.35847433878445
1465,120.62611494465939
1466,119.66658822162225
1467,118.51575487967364
1468,117.93928257653442
1469,117.48611973382671
1470,117.24797232681844
1471,116.93564391527018
1472,116.61913164113669
1473,115.90245286075347
1474,115.2991366593304
1475,114.4555967747729
1476,113.41770237129361
1477,112.17172142623674
1478,111.0079765746535
1479,109.80079283281
1480,108.58036467668285
1481,107.2133037446536
1482,105.83109044335093
1483,104.93631055785352
1484,104.19827747113472
1485,103.57854699600297
1486,102.92207937192221
1487,102.38830547462287
1488,101.90666328709297
1489,101.60379112626234
1490,101.21619543620113
1491,100.765797419271
1492,100.33858723398798
1493,99.96957129039234
1494,99.65364321794348
1495,99.27886754013075
1496,98.84307592323522
1497,98.4108994803417
1498,97.99159497239017
1499,97.58160591638581
1500,97.10235451998156
1501,96.5626182696686
1502,96.07436733686939
1503,95.97350411200952
1504,95.9604398828058
1505,96.03489185501259
1506,96.13248384000057
1507,96.29579346947118
1508,95.99120661008682
1509,95.65617128797521
1510,95.05448463513942
1511,94.34874234330688
1512,93.54218531825423
1513,93.05394075541926
1514,92.49000162314377
1515,92.02354500411555
1516,91.55709441834307
1517,91.19597263849957
1518,90.96935679063421
1519,90.82683756443251
1520,90.67595539460189
1521,90.53937459011246
1522,90.4303994924236
1523,90.01594157086208
1524,89.54685731127675
1525,88.90542115057615
1526,88.20064004594829
1527,87.45307889800172
1528,87.03565911669419
1529,86.58953333266872
1530,86.25556064427862
1531,85.95355486065581
1532,85.87808046998035
1533,86.08124333664006
1534,86.43753267693133
1535,86.86192874075671
1536,87.37978454148765
1537,87.74180819333195
1538,87.96027137377882
1539,88.16516061250911
1540,88.25560357255013
1541,88.26851823427863
1542,88.14165146776963
1543,88.00390513118997
1544,87.8285240882899
1545,87.65769079383145
1546,87.41317273029172
1547,87.11628283623645
1548,86.97183778532325
1549,86.87836526642286
1550,86.83536789547044
1551,86.75879469020747
1552,86.72896285920419
1553,86.93739202185319
1554,87.27772744216034
1555,87.68522359330149
1556,88.09824529307649
1557,88.56959714029247
1558,88.94915757831038
1559,89.40286495319197
1560,89.78398887702328
1561,90.12801616095348
1562,90.46733547633397
1563,90.97965573803239
1564,91.52995673011331
1565,92.1311081667671
1566,92.73420495189468
1567,93.3779584851177
1568,93.96907574528574
1569,94.59846960510701
1570,95.17772377705164
1571,95.73504732735272
1572,96.07146159668883
1573,96.18238539253846
1574,96.19058377691027
1575,96.08426602886269
1576,95.85401417930724
1577,95.82378860331511
1578,96.02003990941012
1579,96.26811175208857
1580,96.62356831235374
1581,97.04648983760232
1582,97.1045974649579
1583,96.77940501360025
1584,96.3175838860889
1585,95.63023681153356
1586,94.95115628124022
1587,95.07152809768311
1588,95.1424224274381
1589,95.46365548094057
1590,95.89686577110879
1591,96.59238982999842
1592,96.96754063675871
1593,97.395702639493
1594,97.57603976396763
1595,97.74993671414919
1596,97.91657747399184
1597,98.07727463702001
1598,98.09536041323123
1599,98.0628266470605
1600,98.03943433211418
1601,98.04751090441286
1602,98.05149648794291
1603,97.9696740482724
1604,97.8440147290959
1605,97.736673423824
1606,97.71948868507924
1607,98.01318051356473
1608,98.33029461755099
1609,98.73912809769635
1610,99.23577265924757
1611,99.83186320523345
1612,100.01683406242901
1613,100.14329289739649
1614,100.06812762136025
1615,99.96942431443428
1616,99.83840594871144
1617,100.0534539199413
1618,100.20854868573231
1619,100.51117125722249
1620,100.8924538130472
1621,101.41979701376047
1622,101.97394993095757
1623,102.59681549732997
1624,103.2108887493202
1625,103.88688633530224
1626,104.70997150911435
1627,105.96247618537777
1628,107.33770972179158
1629,108.8849219956332
1630,110.5720812198791
1631,112.4300587863409
1632,113.96131725173277
1633,115.532544222644
1634,116.96431564408726
1635,118.42408309806848
1636,119.81962616817516
1637,121.05319994291024
1638,122.14924549036402
1639,123.21924180574827
1640,124.29852111452765
1641,125.29041725633378
1642,126.05259129112605
1643,126.67391281607307
1644,127.24159780056586
1645,127.7893991485811
1646,128.28550593730495
1647,129.0193176820621
1648,129.72833888927943
1649,130.57075281763017
1650,131.46714942422432
1651,132.38988094951705
1652,132.99053256916923
1653,133.56909029889505
1654,134.03006044406067
1655,134.46173508800698
1656,134.78123994786907
1657,135.04278394925151
1658,135.20178495024567
1659,135.37361766008704
1660,135.52700778982495
1661,135.66160855165094
1662,135.99343978182296
1663,136.3513784142895
1664,136.80906814179062
1665,137.30078831934276
1666,137.80305458102217
1667,137.98982995314773
1668,138.15877173197921
1669,138.20412646707794
1670,138.20204034091256
1671,138.2107661012778
1672,138.97086262952945
1673,139.85528082835384
1674,141.0646907036179
1675,142.40553009979686
1676,143.92984597643377
1677,144.9211043062149
1678,146.00562542742762
1679,146.8486253932606
1680,147.64952320644642
1681,148.3231563905264
1682,149.04718200655276
1683,149.6604843559107
1684,150.33023259643326
1685,150.9969164598011
1686,151.73001845759552
1687,152.95085046609125
1688,154.3021327265169
1689,155.859860650166
1690,157.52003790862207
1691,159.33796817591252
1692,160.92582273123116
1693,162.61703554358908
1694,164.20152103220232
1695,165.7950917966348
1696,167.36781961550528
1697,168.99889316779084
1698,170.60633911050883
1699,172.26115780564575
1700,173.94310998658256
1701,175.60509479750294
1702,177.00040125617946
1703,178.3366726100351
1704,179.58152635709382
1705,180.79439665472762
1706,181.9107556117267
1707,183.0250824272266
1708,184.05785251324812
1709,185.11932735764933
1710,186.17066974104162
1711,187.28441608699933
1712,188.94326228161236
1713,190.74197936744574
1714,192.77146619070814
1715,194.90984767515315
1716,197.1774007778155
1717,198.9354871129904
1718,200.73889065408397
1719,202.32089422392716
1720,203.8561018609652
1721,205.29626646654663
1722,207.0188195314048
1723,208.69141250639413
1724,210.51361308599093
1725,212.37822062222367
1726,214.28423171482714
1727,215.96511516606373
1728,217.6566340054024
1729,219.25893792192764
1730,220.8403646490328
1731,222.25389281585157
1732,223.0616940623092
1733,223.64747254080197
1734,224.01365313521387
1735,224.24794661373593
1736,224.20284705464587
1737,224.09493221642512
1738,223.76313273466113
1739,223.44612922592012
1740,223.04537786387235
1741,222.52815508564555
1742,222.02014671406874
1743,221.4610383334538
1744,220.9077411037706
1745,220.29777151723425
1746,219.63011255658412
1747,218.86407762117483
1748,218.01611326526802
1749,217.1116600589668
1750,216.11931751512967
1751,215.0378795088994
1752,213.99056455689546
1753,212.99877352958862
1754,211.99364790024845
1755,210.97194357223182
1756,209.93124266687002
1757,208.9749375282926
1758,208.08227016743876
1759,207.20993118332987
1760,206.30947707138634
1761,205.4634424024405
1762,204.9499214057244
1763,204.57602516750802
1764,204.3147379767371
1765,204.0867876272195
1766,203.8668319165416
1767,202.99659943738672
1768,202.07321014656404
1769,200.85617964959175
1770,199.50615048493265
1771,198.00186311714057
1772,197.04950589423322
1773,196.05963718854355
1774,195.30588303902547
1775,194.5857365166246
1776,193.94820456580965
1777,192.96564336278894
1778,192.03329929490388
1779,190.91788505715027
1780,189.731820438491
1781,188.42245860099626
1782,187.05598102870607
1783,185.58601216695772
1784,184.08774977981858
1785,182.52961006995363
1786,180.9920125114033
1787,179.9847549835232
1788,179.08296740193504
1789,178.37508803503093
1790,177.7320129466887
1791,177.28750097589221
1792,176.9220361001379
1793,176.7417752780038
1794,176.54237833881228
1795,176.3804865175653
1796,176.27363303310597
1797,175.99565112101982
1798,175.7212932974017
1799,175.35455009391015
1800,174.96992927465863
1801,174.53533909136914
1802,174.03920470949853
1803,173.4690145022561
1804,172.87256524306656
1805,172.25697639769638
1806,171.6175454658445
1807,171.023379235066
1808,170.40112828448062
1809,169.79327385293695
1810,169.18589382156043
1811,168.59177868910126
1812,168.0069873711102
1813,167.4252683780239
1814,166.83768276114614
1815,166.25174636358452
1816,165.6644414376918
1817,165.01467712802778
1818,164.34546637970226
1819,163.6439882651663
1820,162.9304255443553
1821,162.14473852252854
1822,161.04909770712675
1823,159.84188411437935
1824,158.50888638343778
1825,157.10574780828685
1826,155.45741041448852
1827,153.12815296682237
1828,150.49902147421696
1829,147.60882002211335
1830,144.5391307654173
1831,141.19082503073233
1832,138.1208001905958
1833,134.87742205117735
1834,131.76937177007412
1835,128.61396375756613
1836,125.42279477570429
1837,122.02503841776864
1838,118.6144302282437
1839,115.0857058836593
1840,111.46563924811677
1841,107.97478493834778
1842,105.93228902808927
1843,104.22998176974886
1844,103.08215695326041
1845,102.16256658233442
1846,101.71320274902655
1847,100.8316761214879
1848,100.29635189424016
1849,99.48291203506119
1850,98.68163290576658
1851,97.86407258260893
1852,97.04584278475751
1853,96.16490244717272
1854,95.28298728014376
1855,94.41465703830599
1856,93.59638851985446
1857,93.0084252618357
1858,92.45655816497417
1859,91.99456166279043
1860,91.59722076682391
1861,91.30657837575387
1862,90.98580663266276
1863,90.71714189659173
1864,90.42549474122353
1865,90.17130526514433
1866,90.21834819254359
1867,91.8704797028693
1868,93.95902132620604
1869,96.69431408220878
1870,99.79442893419413
1871,103.27609233134022
1872,104.9003383131846
1873,106.53700770542206
1874,107.36689482624062
1875,108.0246378782391
1876,108.27250110598904
1877,109.19072636125942
1878,109.77226906040093
1879,110.74519664572414
1880,111.80772241540913
1881,112.98813085454695
1882,113.95832595417916
1883,114.98732063111926
1884,115.94196576616395
1885,116.91877465120271
1886,117.89048120441123
1887,119.00140430475132
1888,120.11092545438743
1889,121.31483286634553
1890,122.57644313230864
1891,123.87064045909763
1892,124.98531594082921
1893,126.09649694226123
1894,127.16056939751627
1895,128.23252762421407
1896,129.2277806383314
1897,130.0283925335849
1898,130.73419943472737
1899,131.4014039310242
1900,132.04646868792142
1901,132.5893499680284
1902,133.0318587468406
1903,133.38456797869438
1904,133.73561304295717
1905,134.06333744688095
1906,134.25782667428547
1907,134.04665295528832
1908,133.6904473556855
1909,133.20001553628728
1910,132.6160687177865
1911,131.83976071159248
1912,131.06213392683654
1913,130.15607600539693
1914,129.2845383228945
1915,128.36016976523172
1916,127.32237813223546
1917,126.03181061953164
1918,124.65917465637928
1919,123.19090726152595
1920,121.6301689824126
1921,119.90400846924139
1922,118.05507739720481
1923,116.09816400122838
1924,114.09894329237804
1925,112.0093811491923
1926,109.85421683933968
1927,108.00798658980897
1928,106.2011669369925
1929,104.50932260467492
1930,102.8123963809992
1931,101.11337334214544
1932,99.00126334245446
1933,96.87547878850937
1934,94.54646087491707
1935,92.10616853574143
1936,89.63312774888776
1937,87.99962519556313
1938,86.48240275360054
1939,85.29384103647291
1940,84.20158811184588
1941,83.42170586770384
1942,82.8693562124387
1943,82.634206046299
1944,82.42031524750631
1945,82.28452944084783
1946,82.26840599078571
1947,81.97339758597685
1948,81.72126362048321
1949,81.32161461504161
1950,80.90150655382233
1951,80.40069674323189
1952,79.76437268673222
1953,79.01281112434974
1954,78.21114170203836
1955,77.37716934775769
1956,76.45736435857665
1957,75.87893458795725
1958,75.68962660441754
1959,75.65410454028978
1960,75.79217454590963
1961,75.97138848264908
1962,75.87833650286133
1963,75.98881527683996
1964,76.06396881861959
1965,76.10833754878982
1966,76.02866236329199
1967,75.9637396802469
1968,75.95019262060579
1969,76.03504126974283
1970,76.09609412831477
1971,76.0716136280142
1972,75.95525472305746
1973,75.89710378527049
1974,75.86592186805102
1975,75.78851825280243
1976,75.6748178598359
1977,75.93345371029623
1978,76.33962076653393
1979,76.94460612721068
1980,77.58465125704677
1981,78.29471319623794
1982,78.90569847465123
1983,79.67039102854793
1984,80.40816904484993
1985,81.12504110271385
1986,81.85414188148312
1987,82.93270117355198
1988,84.14870874405457
1989,85.5306595563366
1990,86.96056282109583
1991,88.48229352932896
1992,89.91355008297069
1993,91.47315667460992
1994,92.99676720652582
1995,94.51546155329778
1996,95.94911598293356
1997,97.00167182758356
1998,97.971509889832
1999,98.80770971230848
2000,99.55700433705248
2001,100.16983697869568
2002,101.01365433367049
2003,101.81589851093868
2004,102.74178021435645
2005,103.66324493673112
2006,104.65681873263837
2007,105.92466764597654
2008,107.33917008347365
2009,108.85604125452898
2010,110.4143811715572
2011,111.98145658993889
2012,112.97436786652784
2013,113.9261509930691
2014,114.63260590747646
2015,115.23222583957785
2016,115.62440655996699
2017,116.05932715422456
2018,116.34571043025248
2019,116.67603396118314
2020,116.95343314330935
2021,117.12645003119484
2022,117.01970118630688
2023,116.82406393204171
2024,116.50986738378268
2025,116.09637146026111
2026,115.65685686991428
2027,115.97079524760802
2028,116.40307549614299
2029,117.1346203777199
2030,117.95282465748502
2031,118.87549022361652
2032,118.95047175656157
2033,119.02746321698436
2034,118.7083961416218
2035,118.24115145863873
2036,117.53037213037847
2037,117.08698088041575
2038,116.4813336681886
2039,116.00405929714003
2040,115.49560826386883
2041,115.05545159142015
2042,114.95054311166655
2043,114.97714890675765
2044,115.10520922331692
2045,115.26886293778678
2046,115.56848728385576
2047,115.93425684187382
2048,116.43460980322678
2049,116.91757519918741
2050,117.41823519352414
2051,117.91118743960223
2052,118.01120716756142
2053,118.04091368937299
2054,117.88849307462468
2055,117.65822414218324
2056,117.30186504191035
2057,117.05357561097695
2058,116.70295993859479
2059,116.39962706957279
2060,116.0750346827314
2061,115.81661361563853
2062,115.96402052563923
2063,116.22544008864655
2064,116.6278572693383
2065,117.09511852830869
2066,117.67482163779931
2067,117.96097040432898
2068,118.29480342638755
2069,118.47312340637747
2070,118.61882098731176
2071,118.72483293490347
2072,119.02056763117928
2073,119.28824371808122
2074,119.6331634710633
2075,120.00155915885546
2076,120.44491383414332
2077,120.97153454434986
2078,121.55992004880879
2079,122.16445881958474
2080,122.79859646908527
2081,123.46592303556685
2082,123.99447786957502
2083,124.5132308452988
2084,124.96572008590574
2085,125.40780363234599
2086,125.79251681437617
2087,126.03234364822137
2088,126.18511115380652
2089,126.28487066678863
2090,126.35408884636647
2091,126.32052373662773
2092,126.05024007187917
2093,125.65220666275609
2094,125.16680381378141
2095,124.61884323165629
2096,124.04367225341551
2097,124.00092510128657
2098,124.01151279229664
2099,124.243512723058
2100,124.55058935380636
2101,124.96747998868175
2102,124.96040705936603
2103,124.99381762865792
2104,124.82499093100223
2105,124.60251833827103
2106,124.27480134889854
2107,124.04651359106352
2108,123.73394064265437
2109,123.47599880758965
2110,123.21162249714351
2111,122.98812937072782
2112,122.97917235385968
2113,123.03767996144688
2114,123.17408384217207
2115,123.34871135118603
2116,123.62125041978638
2117,123.95940393895108
2118,124.38717253680744
2119,124.82447372186792
2120,125.29330683350253
2121,125.77478830470196
2122,126.00401435061981
2123,126.19695478192935
2124,126.28307982447559
2125,126.33623979285105
2126,126.27954169092688
2127,126.05371495947082
2128,125.70072918004702
2129,125.29449139068761
2130,124.84037754800707
2131,124.44531915014706
2132,124.95794629957444
2133,125.64721483309899
2134,126.70822167078343
2135,127.93137142227363
2136,129.35704000438741
2137,129.9305745091686
2138,130.55597734238142
2139,130.79418965310705
2140,130.93993082282307
2141,130.88621721386644
2142,131.0859668429509
2143,131.1271655032473
2144,131.31454791547367
2145,131.51624004159208
2146,131.75552642592314
2147,131.98166205442806
2148,132.2413119115308
2149,132.4916984929762
2150,132.74823188860003
2151,132.9782978766038
2152,133.0131125568455
2153,132.99850039633085
2154,132.90825209631552
2155,132.7818042996924
2156,132.65416554619824
2157,132.98934329127036
2158,133.38917709635948
2159,133.98572935598963
2160,134.65950200766554
2161,135.4508947627098
2162,135.9524028056409
2163,136.51662919576845
2164,136.94328487348915
2165,137.34935165250974
2166,137.6879058337785
2167,138.02877422815422
2168,138.30264603931747
2169,138.59407100656176
2170,138.87998986189663
2171,139.2185763228651
2172,139.96672067177784
2173,140.81515006330721
2174,141.8326258657766
2175,142.93408970717178
2176,144.0209894802804
2177,144.02342468036494
2178,143.8614039777412
2179,143.25036163460638
2180,142.4614731904633
2181,141.4045782249526
2182,141.09675044653883
2183,140.6625279404252
2184,140.58677940301098
2185,140.57739346703568
2186,140.75213747072212
2187,140.91116718518964
2188,141.25176551958177
2189,141.5505609632398
2190,141.871261561492
2191,142.277097454806
2192,142.9557907896264
2193,143.7450953242073
2194,144.63678258064397
2195,145.5937087528887
2196,146.69745538952867
2197,147.93417879788913
2198,149.30490047749066
2199,150.71520419146802
2200,152.1895224891655
2201,153.60186335900812
2202,154.04538369102266
2203,154.28336634788064
2204,154.13369254407206
2205,153.8258833217307
2206,153.236494796355
2207,153.1082478811463
2208,152.79578178396417
2209,152.72634540764204
2210,152.67787079072133
2211,152.85220533699822
2212,153.87752667225928
2213,155.23160650081385
2214,156.90729189052308
2215,158.7632131544184
2216,160.82597363381234
2217,161.92519418249134
2218,163.0639507047796
2219,163.77220264045133
2220,164.374693237384
2221,164.70986696538526
2222,165.11254402752485
2223,165.27305211464704
2224,165.5152198434355
2225,165.72844422286454
2226,165.8885190929469
2227,166.0130518988852
2228,166.0982913213364
2229,166.17797048641984
2230,166.2359382321419
2231,166.11126707143404
2232,165.08386506055606
2233,163.793802673293
2234,162.14667310747393
2235,160.2975692332121
2236,158.4480615917459
2237,158.94443265723015
2238,159.78951101851368
2239,161.61121025356326
2240,163.80287513650651
2241,166.4512664996933
2242,166.8379426332185
2243,167.32571480953024
2244,166.78264179071226
2245,165.95019440237195
2246,164.5967979010107
2247,164.21020647735077
2248,163.48101201382602
2249,163.2429078743796
2250,163.06540648618392
2251,163.06295917614602
2252,162.91796431538177
2253,162.9312364718692
2254,162.84437894060457
2255,162.7496268366106
2256,162.58152078161956
2257,162.03647662813563
2258,161.38145788058182
2259,160.57041584548935
2260,159.67189258347497
2261,158.67204405478105
2262,158.0348565256418
2263,157.36981330432906
2264,156.86110004531133
2265,156.37649720215558
2266,155.91095842520394
2267,154.99827527008094
2268,154.05670768724178
2269,152.90801364039223
2270,151.66941584315978
2271,150.2908414233398
2272,149.05927975352927
2273,147.73712329066745
2274,146.4817341850297
2275,145.20231961520793
2276,143.96658294611933
2277,142.97866673954405
2278,142.07978979698782
2279,141.2577112459408
2280,140.46206985929317
2281,139.7478690271379
2282,138.97342273235225
2283,138.2663568252327
2284,137.50368920700853
2285,136.73221362613276
2286,135.9382996308477
2287,135.02360580994605
2288,134.06706185321522
2289,133.04935615208032
2290,131.99764538777518
2291,130.92297853701075
2292,130.01897935688763
2293,129.11384444071444
2294,128.27076737257954
2295,127.44168231056716
2296,126.67722550685838
2297,125.98382779781804
2298,125.35146885013891
2299,124.72695972416412
2300,124.12004105181889
2301,123.55745606571948
2302,122.99621735589791
2303,122.46142656743669
2304,121.9125519916357
2305,121.37191117002232
2306,120.81119387984691
2307,120.02857784097965
2308,119.18402495261317
2309,118.2439935837822
2310,117.26390621158139
2311,116.19127460227473
2312,115.0552314669502
2313,113.82209104032651
2314,112.57057704733712
2315,111.286448606957
2316,110.0009672740153
2317,109.00721639191764
2318,108.05318898254457
2319,107.21372371334961
2320,106.41484543384146
2321,105.71194961345213
2322,104.97258743827408
2323,104.30952678643509
2324,103.60947236353731
2325,102.91931761234119
2326,102.29566431139938
2327,101.98174416961184
2328,101.75494555443709
2329,101.64701635563208
2330,101.60932135523352
2331,101.60895215732535
2332,101.0113551040842
2333,100.34793061573404
2334,99.4295730098997
2335,98.42831714425422
2336,97.35442167267475
2337,97.03244566201415
2338,96.73491917704064
2339,96.76949672677758
2340,96.92307086897824
2341,97.23379780825451
2342,96.95494010860668
2343,96.72473832516107
2344,96.2256738097515
2345,95.66818254271475
2346,94.93239912377322
2347,94.09195933691224
2348,93.06711975435027
2349,92.03315311656704
2350,90.95545442238888
2351,89.84117998905263
2352,89.01737491569597
2353,88.20703803538711
2354,87.52533484564898
2355,86.8820246317378
2356,86.46843165426337
2357,86.89286980379404
2358,87.63398289888018
2359,88.69490957219297
2360,89.94629398512025
2361,91.41282850541047
2362,91.9374240685723
2363,92.4984253272966
2364,92.64274889409705
2365,92.69685870075024
2366,92.47074940430248
2367,92.13551761960943
2368,91.51312762042022
2369,90.90637082533081
2370,90.24746099774815
2371,89.51811162935768
2372,89.02748985793146
2373,88.51483012244228
2374,88.120696889919
2375,87.7536970315942
2376,87.5460906039566
2377,87.9207145984342
2378,88.52274138896186
2379,89.35104059520755
2380,90.31195981437439
2381,91.42957703971231
2382,91.94778936268983
2383,92.51147467748663
2384,92.81110410146492
2385,93.05915839198384
2386,93.12724658945008
2387,93.08436296500082
2388,92.85447431346616
2389,92.62158244911316
2390,92.35075974179244
2391,92.04066562042358
2392,92.00924881113995
2393,91.98865771629352
2394,92.0999429680748
2395,92.25305741064527
2396,92.519740069539
2397,92.94469592135425
2398,93.4980436524972
2399,94.10783068237718
2400,94.7715561659237
2401,95.48836975381319
2402,95.98038055924185
2403,96.4841536361583
2404,96.8963192675369
2405,97.29365030385321
2406,97.75352749104393
2407,98.95824681392509
2408,100.31093559490236
2409,101.98187369425033
2410,103.80567840904003
2411,105.78667261447764
2412,106.94562480773368
2413,108.11647059402118
2414,108.9345423807383
2415,109.66941685575166
2416,110.09973122766381
2417,110.13568224190983
2418,109.83876165180212
2419,109.44168127071735
2420,108.93440215135587
2421,108.2736272599968
2422,108.0448256442665
2423,107.76330653305783
2424,107.6922065835891
2425,107.65461656958315
2426,107.5041364439766
2427,106.05691964073303
2428,104.37000634518358
2429,102.14877153595812
2430,99.66808832577196
2431,97.08368658796584
2432,96.98511452530637
2433,97.17301193257364
2434,98.41228064794835
2435,100.01924073948724
2436,102.32163902297995
2437,103.70872504387324
2438,105.5976013132103
2439,106.98541738652402
2440,108.35595379724293
2441,109.50844150191068
2442,110.11295113281955
2443,110.41207151420289
2444,110.52894422269982
2445,110.53717326167488
2446,110.53851733357659
2447,111.97545790231766
2448,113.58980317617443
2449,115.81914528277936
2450,118.29837046989293
2451,121.12041851796069
2452,122.86909700562076
2453,124.75563944833532
2454,126.14995433377122
2455,127.45557156309745
2456,128.44044584802293
2457,129.14368320296418
2458,129.49760306892676
2459,129.80386125830137
2460,130.02463857307578
2461,130.0590685884516
2462,130.06800362672703
2463,129.92193534085052
2464,129.80088397191471
2465,129.63604849487282
2466,129.38433443578006
2467,129.02237879079104
2468,128.59848655377547
2469,128.13849803942728
2470,127.62718757381464
2471,126.98830116334538
2472,126.04452282274339
2473,124.98104999855542
2474,123.79878974379824
2475,122.51675013693082
2476,121.12211319248416
2477,120.02856274484039
2478,118.91579635855693
2479,117.92957459202452
2480,116.93962783347791
2481,115.99378935398968
2482,114.97179843187085
2483,114.01346872340801
2484,112.99375376791097
2485,111.93813613946307
2486,110.87953861326254
2487,109.99487662841294
2488,109.15166644563323
2489,108.3609584836646
2490,107.57325023235315
2491,106.82175991276355
2492,105.98755360086555
2493,105.1853153891893
2494,104.3222274368057
2495,103.43165936274725
2496,102.5628029489405
2497,101.99135226532042
2498,101.48135454750849
2499,101.07560124682674
2500,100.70877105981589
2501,100.42404885818645
2502,99.976842068314
2503,99.5739390901163
2504,99.07538029761339
2505,98.55736777588695
2506,97.95494030449206
2507,97.0537466653256
2508,96.02701477171372
2509,94.87619922135613
2510,93.65242415499412
2511,92.31160215394557
2512,91.05867528922573
2513,89.71529606445831
2514,88.41248163605924
2515,87.0868437818304
2516,85.82277924793057
2517,84.97489655060474
2518,84.24363003588907
2519,83.66118285927703
2520,83.1446334027279
2521,82.73290375250046
2522,81.97446198252119
2523,81.25483131161718
2524,80.36041220483042
2525,79.42252988230219
2526,78.47206414611895
2527,78.01283355335659
2528,77.5942986587388
2529,77.37757966080179
2530,77.24040109810328
2531,77.2358435332888
2532,76.96362295303621
2533,76.75538327974198
2534,76.40960154464747
2535,76.05000364122498
2536,75.73321892468425
2537,75.98869391727277
2538,76.3342750817339
2539,76.9172468889221
2540,77.61747503778034
2541,78.48141424377592
2542,78.95279924230992
2543,79.4865319330167
2544,79.83768282019642
2545,80.17585580789756
2546,80.47547610494463
2547,81.02763534299405
2548,81.54756238174234
2549,82.19484936216988
2550,82.90161390656553
2551,83.64052590570134
2552,84.00278198864605
2553,84.3209474374077
2554,84.49022706946067
2555,84.62375657424468
2556,84.68804287694584
2557,85.03082166812645
2558,85.33633537216811
2559,85.78508527097115
2560,86.28383613807166
2561,86.8130000268623
2562,86.99459449043054
2563,87.1516435825445
2564,87.17010651933785
2565,87.14879865895381
2566,87.0348882004694
2567,87.0374701935486
2568,86.97403577791856
2569,86.98564308694148
2570,87.00693586628124
2571,87.03417493043753
2572,86.99493702943892
2573,86.96063485723059
2574,86.90475497659368
2575,86.84154872609881
2576,86.79408644927014
2577,86.98529405002762
2578,87.22990252821847
2579,87.57937290437941
2580,87.97497994665201
2581,88.46179547609242
2582,88.95764683961502
2583,89.53715637324554
2584,90.11411602558005
2585,90.7176627583282
2586,91.35254031043694
2587,91.98516848362537
2588,92.63945166883548
2589,93.29892921131474
2590,93.9762608260816
2591,94.62427413941738
2592,95.01481265821396
2593,95.3401303547352
2594,95.57275823453483
2595,95.76729153828
2596,95.75676692566886
2597,95.0946953740539
2598,94.17108398342884
2599,93.01102479297785
2600,91.70080457806468
2601,90.28320757959986
2602,90.01465552802
2603,89.83482298142386
2604,90.15225773945733
2605,90.62502714844322
2606,91.41255239308006
2607,91.86177226680292
2608,92.56095735091168
2609,93.0642224103853
2610,93.56642685592884
2611,93.97707829972701
2612,94.04623097003426
2613,93.98012046980895
2614,93.78924149959367
2615,93.52998963416971
2616,93.164571506713
2617,93.03838593665147
2618,92.85581100307996
2619,92.79097113173673
2620,92.74196882865498
2621,92.77153706033309
2622,92.9584651186449
2623,93.24569576792734
2624,93.5843416955969
2625,93.95967771734763
2626,94.4230523563711
2627,94.95925305541249
2628,95.58090219388257
2629,96.22069448907213
2630,96.89323865624796
2631,97.63354409634766
2632,98.02059547027332
2633,98.00896868092303
2634,97.84008960566072
2635,97.50944173639678
2636,97.02948985580312
2637,97.64038590202061
2638,99.39314630340448
2639,101.55880654956609
2640,104.29228718846862
2641,107.27008475456117
2642,109.62046782200186
2643,112.59302300071897
2644,115.48320914964803
2645,118.35478395020931
2646,121.01546829444855
2647,123.85511567771628
2648,126.89408784594163
2649,130.23991091421306
2650,133.59886218340503
2651,136.83906463075203
2652,139.83540356779503
2653,143.0224257904238
2654,146.27870007785415
2655,149.47036434391885
2656,152.39308159178415
2657,154.91779588345315
2658,157.44720143752926
2659,159.96486525044813
2660,162.3403311179207
2661,164.3504112653484
2662,165.9713802642575
2663,167.4971718734301
2664,168.98844529994403
2665,170.28976064757228
2666,171.34536882806677
2667,172.9164399145628
2668,174.60595538068188
2669,176.58442912673308
2670,178.52230472615565
2671,180.5306884045699
2672,182.80450287215348
2673,185.40371428352435
2674,188.1111783528509
2675,190.79615610085307
2676,193.47401036001827
2677,195.87362787794973
2678,198.40028453440874
2679,200.80666265197664
2680,203.0960512303149
2681,205.2933358407967
2682,207.9165067793652
2683,210.6509720821657
2684,213.56408611289436
2685,216.4645911972029
2686,219.37657744393508
2687,221.90146860292455
2688,224.4920221817711
2689,226.89253898076785
2690,229.16804499906732
2691,231.2211789871296
2692,233.01431824450535
2693,234.66249125120908
2694,236.20301248229015
2695,237.59266757051554
2696,238.78815913176408
2697,240.00476684274008
2698,241.13901621020707
2699,242.26592262178832
2700,243.28298516566272
2701,244.18954100002998
2702,244.98112980967264
2703,245.73856960051455
2704,246.40762535881953
2705,246.95565123064608
2706,247.29196611526314
2707,247.04532624647626
2708,246.60141332803317
2709,245.879593898946
2710,244.93458557033034
2711,243.75507519469238
2712,243.04535546880794
2713,242.26087612822775
2714,241.63513356990214
2715,240.948499853552
2716,240.34834770711004
2717,239.9235023874972
2718,239.65569294033708
2719,239.36679954169966
2720,239.03503671798947
2721,238.6938682789466
2722,237.9921345983207
2723,237.25835831805125
2724,236.29810977671028
2725,235.20279285743374
2726,233.99161055954576
2727,233.03787686597875
2728,232.0292461334334
2729,231.07343182875604
2730,230.07000019057344
2731,229.085711393085
2732,227.99376302219898
2733,226.91069403987595
2734,225.7063662177007
2735,224.42444634537878
2736,223.12248487776836
2737,222.01457502106385
2738,220.9086889142238
2739,219.82020062670986
2740,218.7062746626453
2741,217.5750229621678
2742,216.0311737216061
2743,214.4025385039341
2744,212.5395704499445
2745,210.55642459015883
2746,208.5063067989711
2747,207.0395306566394
2748,205.57669729469364
2749,204.310943647103
2750,203.08544888103492
2751,202.15250906335598
2752,201.88751241924138
2753,201.9446938042436
2754,202.18630777321445
2755,202.5684776199508
2756,203.03302957864707
2757,202.0272113228379
2758,200.83968958177581
2759,198.9851927150512
2760,196.89524273479898
2761,194.37267136574252
2762,192.2143304955961
2763,189.68464387243324
2764,187.3437443005822
2765,184.96098080954988
2766,182.56405720970147
2767,180.0326926746549
2768,177.47010258619414
2769,174.80951687216782
2770,172.08615945137225
2771,169.12973292633882
2772,165.1467856148629
2773,160.8221836621304
2774,156.05602475370247
2775,151.0299599919243
2776,145.68634724556296
2777,141.14887000495818
2778,136.46638900370115
2779,132.11764373469165
2780,127.7799907651858
2781,123.7905471828865
2782,120.8601796524405
2783,118.40551944793215
2784,116.2839930104973
2785,114.35356054109606
2786,112.70322017170194
2787,109.94729636147616
2788,107.26117159364651
2789,104.02612867095053
2790,100.6438633729153
2791,97.05779325739073
2792,94.13124137623122
2793,91.07173890475333
2794,88.2947835473357
2795,85.57967545617402
2796,83.10261099489354
2797,80.94199046597167
2798,79.00423087632922
2799,77.13678529112164
2800,75.36185189198386
2801,73.63458382281837
2802,71.05055645406553
2803,68.34483983721816
2804,65.25740196998203
2805,62.04455943642145
2806,58.79778414073092
2807,57.04025344227819
2808,55.41359731031445
2809,54.41224376447686
2810,53.662498929521746
2811,53.51877956200055
2812,53.7817999313019
2813,54.5825514926312
2814,55.464179010007115
2815,56.5648490726177
2816,57.94828116676865
2817,58.94413896053956
2818,60.03908774138562
2819,60.95989319948831
2820,61.9424410004197
2821,62.93314695526803
2822,64.045671217489
2823,65.08756732588301
2824,66.22720630750273
2825,67.46569764698674
2826,68.77999185735491
2827,70.00512454997265
2828,71.21567147679528
2829,72.42817294390734
2830,73.7112040004516
2831,74.98367087589416
2832,76.03280948818455
2833,76.99120455017199
2834,77.9111718921591
2835,78.85643682008654
2836,79.79428174386062
2837,81.0101031628151
2838,82.22714465098781
2839,83.61507077375482
2840,85.10323207805615
2841,86.78506080540271
2842,88.91135183320712
2843,91.24768150648393
2844,93.79440648817763
2845,96.50882354270782
2846,99.400667428485
2847,101.92957558055116
2848,104.53589554261802
2849,107.02193028399363
2850,109.54695651947813
2851,111.96363386357885
2852,114.04582605624239
2853,115.96262023920917
2854,117.81778430928631
2855,119.65606055838153
2856,121.3602418568533
2857,123.03859251866953
2858,124.59896819120901
2859,126.22260052069736
2860,127.85624081282022
2861,129.44421876568367
2862,130.99161553376118
2863,132.51696990920212
2864,134.07555958502695
2865,135.64426663460785
2866,137.3316931774419
2867,139.90062208481868
2868,142.71883787543518
2869,145.9289373535569
2870,149.3342520119278
2871,152.97225743235816
2872,155.88264484695884
2873,158.90684578029695
2874,161.63049462910615
2875,164.3143484786954
2876,166.54981048300468
2877,167.1919740857185
2878,167.2313979764251
2879,166.70912211521272
2880,165.8561563104334
2881,164.47739321469965
2882,164.16136837122912
2883,163.59307678610782
2884,163.56667368003556
2885,163.59009425772587
2886,163.79567107502945
2887,163.87217287717132
2888,164.181842237784
2889,164.39900093121543
2890,164.58888216649987
2891,164.64256943123158
2892,164.03335468392444
2893,163.27340344789067
2894,162.2448591686366
2895,161.0456855770688
2896,159.667143091966
2897,159.03058194845045
2898,158.3975314345168
2899,158.08460337331314
2900,157.81702796570167
2901,157.76411475108065
2902,157.87692520882908
2903,158.2522802815812
2904,158.6382274781539
2905,159.0557208186777
2906,159.67253916859477
2907,160.88952363494502
2908,162.3752311443858
2909,164.06704836548818
2910,165.88436930568628
2911,167.83333520167585
2912,168.95326859321224
2913,170.06179187772025
2914,170.79465067770897
2915,171.41812037106249
2916,171.78111087405713
2917,172.1091467774579
2918,172.1885858498988
2919,172.2903487667595
2920,172.33413168590903
2921,172.2657227440807
2922,172.04018818937698
2923,171.70730117989493
2924,171.3119649654198
2925,170.84956167302985
2926,170.32409334351735
2927,170.01215134512208
2928,169.693325720228
2929,169.4554997592576
2930,169.2165009666985
2931,169.04041206367123
2932,168.96297039903934
2933,168.96977964901262
2934,168.9883910541233
2935,169.01405660722455
2936,169.0635987435572
2937,168.98934168357536
2938,168.92235449688914
2939,168.78270840780618
2940,168.61243413172969
2941,168.38031070729104
2942,168.02892578355474
2943,167.60664093332522
2944,167.12799422441094
2945,166.60335655435034
2946,165.96768181291463
2947,165.0531347466866
2948,164.00899345627266
2949,162.84599425158422
2950,161.59483716603225
2951,160.23240307392828
2952,159.04480843039295
2953,157.79770437691178
2954,156.61814980509251
2955,155.41876207298506
2956,154.2307803098041
2957,152.99771314947438
2958,151.78514210296743
2959,150.52516542850566
2960,149.23119541717196
2961,147.96173903195154
2962,146.99090059035075
2963,146.08942448785558
2964,145.28515344616673
2965,144.51257595061648
2966,143.82166361811753
2967,142.97905915104815
2968,142.18465144846957
2969,141.2923918116001
2970,140.3756361731132
2971,139.48977858767344
2972,138.9950897055245
2973,138.56741522845977
2974,138.28399195910083
2975,138.06470477375046
2976,137.99945063901174
2977,137.95055478673103
2978,138.01885181434554
2979,138.05989673650862
2980,138.1358335595081
2981,138.22147557954298
2982,138.0207556230776
2983,137.75934114612036
2984,137.37333756676077
2985,136.9515790451132
2986,136.45478245250314
2987,136.0474671822315
2988,135.56390056699985
2989,135.12864466368202
2990,134.70016781360025
2991,134.3037914106639
2992,133.9973407961486
2993,133.71896980204062
2994,133.47154546632086
2995,133.24888249852137
2996,133.08330980990095
2997,132.98661507535644
2998,132.93538037833898
2999,132.9052073101708
3000,132.90493481581026
3001,132.95101553523097
3002,132.99239094621169
3003,133.05691659345285
3004,133.11679132294867
3005,133.1961790494613
3006,133.24934513786445
3007,133.0272467959881
3008,132.72924193453574
3009,132.3257978218652
3010,131.8822269750695
3011,131.3683996761024
3012,131.034641122322
3013,130.65702920692758
3014,130.3711542559577
3015,130.107017053826
3016,129.92623181282417
3017,129.9650643280385
3018,130.10584502930158
3019,130.32985503552018
3020,130.6115786419802
3021,130.9490942007719
3022,130.98785643997027
3023,131.02626785458304
3024,130.93733853758025
3025,130.8199487265056
3026,130.6899610796463
3027,131.00321764179498
3028,131.35563379716223
3029,131.9061142871315
3030,132.5397832222388
3031,133.31215274506832
3032,133.9467088976452
3033,134.6745708641772
3034,135.3336844509972
3035,136.0120680970508
3036,136.64658610424473
3037,137.02808977284238
3038,137.3208261059877
3039,137.52881036816066
3040,137.70417743914524
3041,137.80500506877652
3042,138.02983304647057
3043,138.20179154802145
3044,138.44983905255887
3045,138.71448000120057
3046,138.96921859519279
3047,139.00461649180568
3048,139.0066940344133
3049,138.9263893177419
3050,138.81220534407424
3051,138.68717484914632
3052,138.9923374006614
3053,139.3531243845568
3054,139.90396219492592
3055,140.52771604798346
3056,141.28529408790118
3057,141.93986435906552
3058,142.70087693343396
3059,143.405453926962
3060,144.12661947917928
3061,144.9005698627328
3062,145.9700452144089
3063,147.11682033384497
3064,148.392849306218
3065,149.74419575410724
3066,151.1354684403168
3067,151.98981068038012
3068,152.79515165481357
3069,153.3830866253912
3070,153.90671945674382
3071,154.31043175958126
3072,155.0404479493909
3073,155.70366838463895
3074,156.53741990106226
3075,157.41453938518953
3076,158.4494978483025
3077,159.9143931678665
3078,161.57887823564315
3079,163.41177263055275
3080,165.35863329246195
3081,167.53786852269675
3082,169.8900174557113
3083,172.4534723818119
3084,175.0738064414124
3085,177.7959588390543
3086,180.59189144832456
3087,182.970674878179
3088,185.32622151211314
3089,187.5239580614822
3090,189.70487679096232
3091,191.79804309087186
3092,194.02493498501624
3093,196.16945862732132
3094,198.41474394917
3095,200.69857738136287
3096,202.97581318692352
3097,204.9891661880239
3098,206.95479641616603
3099,208.83667943992285
3100,210.6971612099742
3101,212.44243486896536
3102,214.02964175772706
3103,215.49803423156487
3104,216.94033922789095
3105,218.3490567421611
3106,219.67218755820136
3107,221.00866079457816
3108,222.2904689169758
3109,223.60626294835362
3110,224.91113539420667
3111,226.13446221277385
3112,227.01151288784916
3113,227.79652554245723
3114,228.4564372150085
3115,229.0374315509502
3116,229.4792570268682
3117,230.02766981747604
3118,230.5014645389787
3119,231.0425432959583
3120,231.55949671563943
3121,231.99306605679854
3122,232.0132802978567
3123,231.94399302254362
3124,231.70553034587476
3125,231.35788988081163
3126,230.79375701127935
3127,230.06864092914893
3128,229.17508492038357
3129,228.23102122211802
3130,227.18341188475648
3131,226.02058030141194
3132,225.020488557255
3133,223.99404154774297
3134,223.02655683434912
3135,222.0179752092421
3136,221.00615320701343
3137,219.98165351281622
3138,218.99906250654323
3139,217.9785140051405
3140,216.90938564379599
3141,215.72801926003868
3142,214.04603127690424
3143,212.23217624374865
3144,210.18935143038172
3145,207.99605037920483
3146,205.56315130515407
3147,203.09706039936137
3148,200.4541277381361
3149,197.79175813835283
3150,195.0223326667555
3151,192.23579047550643
3152,189.9942285999745
3153,187.8550159140769
3154,185.89725128894335
3155,183.96725825498228
3156,182.2595934946511
3157,180.90532225185436
3158,179.81481081102575
3159,178.79172996445385
3160,177.82800790900393
3161,177.12116164498553
3162,176.90150795797206
3163,176.9557515478937
3164,177.1431970307606
3165,177.4474225539761
3166,178.04580178804596
3167,178.898458127753
3168,179.9941655317701
3169,181.13706945864715
3170,182.39306051863724
3171,183.80361509656166
3172,184.9712646924544
3173,186.17125298771262
3174,187.24818134999956
3175,188.3480061533977
3176,189.4135679066007
3177,190.362918784533
3178,191.2003000927143
3179,192.0067375019511
3180,192.8228470841294
3181,193.59426985891469
3182,194.25239144254837
3183,194.81082155030384
3184,195.34994854284568
3185,195.8974124307279
3186,196.3945995893844
3187,196.78607179674347
3188,197.09243698821675
3189,197.38170629375864
3190,197.66996630770652
3191,197.90199665569182
3192,198.03190411241735
3193,198.08670104422228
3194,198.12486748885274
3195,198.15313244943115
3196,198.1197392666203
3197,197.9896693105754
3198,197.79264916484053
3199,197.50477959105393
3200,197.1218163362366
3201,196.64174555337144
3202,196.03704720005092
3203,195.33539480330305
3204,194.5401603118085
3205,193.6458160797541
3206,192.58558639789956
3207,191.07360446052127
3208,189.36788515223898
3209,187.4312953376113
3210,185.32322313078808
3211,183.0358566471307
3212,181.06998838776474
3213,179.01001418296093
3214,177.04232481504158
3215,175.02298652290204
3216,173.0336153306376
3217,170.99298540364867
3218,168.99011710354134
3219,166.88766975470028
3220,164.71435208731288
3221,162.5929551513771
3222,160.9843761995338
3223,159.490300548836
3224,158.1372547954089
3225,156.82552332848226
3226,155.62613764244648
3227,153.98513204302702
3228,152.3638638829969
3229,150.48067965956733
3230,148.50633997741994
3231,146.49285251361493
3232,145.03920280110611
3233,143.59554879006754
3234,142.34485897197632
3235,141.15103950555482
3236,140.1249431231716
3237,138.9647780680736
3238,137.89932168554864
3239,136.70898042695907
3240,135.50973639672682
3241,134.30532827454365
3242,133.04268721540407
3243,131.72105386291398
3244,130.34465660912952
3245,128.94989585842723
3246,127.5315454521756
3247,126.04919822734486
3248,124.49755749885263
3249,122.89622288005482
3250,121.27247152473191
3251,119.63401846590706
3252,118.04140847305997
3253,116.4097876823841
3254,114.77655629320967
3255,113.14085972438988
3256,111.53730397805079
3257,110.01934188148273
3258,108.51304374211372
3259,107.01815329515645
3260,105.53880564197188
3261,104.14522894904174
3262,102.99349139003529
3263,101.91990178046522
3264,100.92090897176925
3265,99.98056799122286
3266,99.11890600928915
3267,98.00609100301938
3268,96.89330720831248
3269,95.65563462335724
3270,94.40068208927336
3271,93.12229936299
3272,92.0405841438464
3273,90.93112790405569
3274,89.90663981414124
3275,88.92198276268799
3276,88.00038361333566
3277,87.00447130398783
3278,86.02724839856562
3279,85.00959058158496
3280,84.00364383317142
3281,83.00311417880718
3282,82.02587879356587
3283,81.03091361237102
3284,80.0495068186682
3285,79.08699148247362
3286,78.12300253718212
3287,77.02847871010724
3288,75.895323233576
3289,74.71331930019619
3290,73.52166320855896
3291,72.28835608391387
3292,71.04063022158586
3293,69.74163550717768
3294,68.44895678069693
3295,67.15482114492414
3296,66.02130145950449
3297,65.9315219404794
3298,66.11416619632631
3299,66.71912933906027
3300,67.5428791994416
3301,68.65486668192088
3302,68.91374994995537
3303,69.28062027062616
3304,69.26080912775194
3305,69.18606383197664
3306,68.96217202826294
3307,69.08117796249518
3308,69.07660343729634
3309,69.26648110483208
3310,69.52010346151337
3311,69.84295952745047
3312,69.98642495074374
3313,70.1496211720694
3314,70.24925013286114
3315,70.35862114474142
3316,70.49460844701372
3317,70.99179686226805
3318,71.54599978447474
3319,72.27325171601193
3320,73.09348993684733
3321,74.05243541687413
3322,74.94778186767194
3323,75.94150374423167
3324,76.9140462772717
3325,77.9338865710239
3326,78.97902851567855
3327,79.99443672262316
3328,81.00853611664606
3329,82.03776706799837
3330,83.10161100207839
3331,84.14672211234705
3332,85.01101987478246
3333,85.82231522891078
3334,86.59143669822802
3335,87.35694507398985
3336,88.09219549425956
3337,89.00398683361027
3338,89.91123837836173
3339,90.9259688954503
3340,91.98813095375147
3341,93.08015418574907
3342,93.98069609283733
3343,94.8859131742571
3344,95.73140297566778
3345,96.57077781089782
3346,97.33972612194438
3347,98.01994553039601
3348,98.63350477053841
3349,99.24401208025677
3350,99.84149511919556
3351,100.39686500971483
3352,101.00161733818237
3353,101.59235231961118
3354,102.2284270958212
3355,102.87235023907793
3356,103.49806478351744
3357,103.99323607901542
3358,104.47419290059425
3359,104.91668313637592
3360,105.33729512378973
3361,105.69481228727699
3362,106.01085471565165
3363,106.28659560457127
3364,106.56450958160669
3365,106.82225110046024
3366,107.01071127560459
3367,107.01563126618495
3368,106.95968104014023
3369,106.84155661398314
3370,106.671932233787
3371,106.5101083341481
3372,106.96832277956547
3373,107.54316240379585
3374,108.37835986315031
3375,109.30912323415254
3376,110.14080847058722
3377,109.0633561057074
3378,107.66169544752874
3379,105.46779150136254
3380,102.92250767224829
3381,99.87483120794957
3382,98.17641457025061
3383,96.26092103241771
3384,94.97691856847734
3385,93.78298758342967
3386,92.88426468532111
3387,91.85570114573622
3388,91.13008642698709
3389,90.27306693166629
3390,89.40655349040635
3391,88.58678661120292
3392,87.97313089574074
3393,87.44649750215852
3394,86.9786642423344
3395,86.53181794630882
3396,86.18338314920358
3397,85.95855125566612
3398,85.83978161418838
3399,85.74119871694536
3400,85.66942460887579
3401,85.82005632733735
3402,86.89564387977914
3403,88.27662307594505
3404,90.00475149138778
3405,91.93439529360424
3406,94.06266744665038
3407,94.95055903402479
3408,95.8060943131812
3409,96.11260904691574
3410,96.27311711168488
3411,96.09922709370124
3412,96.15223083320403
3413,95.90732662918717
3414,95.8190494692267
3415,95.7190868993547
3416,95.55560725980217
3417,95.0338449217553
3418,94.4110631401971
3419,93.64418055264831
3420,92.7991473795193
3421,91.94961903009917
3422,91.98446945935115
3423,92.14407604096844
3424,92.6715270350671
3425,93.33780785933072
3426,94.26674392557734
3427,94.89335991189239
3428,95.70746116553133
3429,96.35143205541596
3430,96.9999611278971
3431,97.47708142028219
3432,97.09593325683097
3433,96.42944999180347
3434,95.43320446291025
3435,94.26908917193647
3436,92.85909001767135
3437,92.09354455229183
3438,91.20773392552688
3439,90.62795640942657
3440,90.09687984220993
3441,89.6715929270256
3442,88.95510549010106
3443,88.31495988941595
3444,87.5238429952502
3445,86.68719589560136
3446,85.78867676906263
3447,85.02532307325025
3448,84.23578166190768
3449,83.50331799426006
3450,82.76889950442262
3451,82.01751051902164
3452,81.01397390151381
3453,79.97266337939735
3454,78.81585684124799
3455,77.59883975254164
3456,76.4059422449544
3457,75.97984318407187
3458,75.68690132489358
3459,75.70160549182125
3460,75.83682136048667
3461,76.15968785849716
3462,75.93680036091197
3463,75.80078617884156
3464,75.39791969370587
3465,74.9388378813965
3466,74.37810399948599
3467,74.05155393313879
3468,73.65117188600523
3469,73.3639297505818
3470,73.09989086794445
3471,72.92938319964017
3472,72.9645655596317
3473,73.10195221425357
3474,73.30910388129583
3475,73.57131848842128
3476,73.89826117907933
3477,73.98669378307568
3478,74.08362060939014
3479,74.07253495202067
3480,74.0438581235755
3481,73.97481209823738
3482,74.02479564550549
3483,74.03933655517042
3484,74.11554487395259
3485,74.21380958539709
3486,74.40849118221497
3487,74.95859078817836
3488,75.63015752921834
3489,76.44244670283506
3490,77.3439276820904
3491,78.22898161114145
3492,78.0336414426237
3493,77.66174113946315
3494,76.84622908009416
3495,75.86034565132621
3496,74.72728595162408
3497,75.04016066404364
3498,75.41575070270224
3499,76.43054306634126
3500,77.66327751485872
3501,79.22467016615309
3502,79.87475883034531
3503,80.68894932702077
3504,81.07401212377285
3505,81.38151311285932
3506,81.52667828704769
3507,82.06823219360219
3508,82.49995083421477
3509,83.13926445663495
3510,83.83208940008123
3511,84.57494638959172
3512,84.9829448738208
3513,85.38638384860465
3514,85.6513069582904
3515,85.88024716296663
3516,85.99605513045597
3517,86.04730512819587
3518,85.98962210846025
3519,85.93199895008688
3520,85.84802125795395
3521,85.76133399912136
3522,85.98907109339781
3523,86.26733274730447
3524,86.68339694329617
3525,87.1513011941834
3526,87.57057896132724
3527,87.03239166881944
3528,86.33198247056644
3529,85.23829310651864
3530,83.97231067366063
3531,82.39437591665207
3532,81.12149238644469
3533,79.6385840425579
3534,78.32801467254836
3535,76.98937419231602
3536,75.85096774952973
3537,75.88156004382836
3538,76.28299659005765
3539,77.13200922971316
3540,78.19272938047902
3541,79.55002805300141
3542,79.89080215996117
3543,80.35441075035214
3544,80.33996446946938
3545,80.21604876625355
3546,79.78139350195933
3547,79.14398075681267
3548,78.1908071175579
3549,77.20363190017203
3550,76.12574639660212
3551,75.05293294180755
3552,74.97724908875645
3553,75.05494674890721
3554,75.54495715825283
3555,76.1908291727564
3556,77.03402318348824
3557,76.9326786170133
3558,76.87960403989295
3559,76.39305212799589
3560,75.78533461925569
3561,75.02548744409523
3562,75.05630580294162
3563,75.05138367575346
3564,75.40398610976193
3565,75.86119414948772
3566,76.51877863868596
3567,76.91994975797031
3568,77.46062802077654
3569,77.86084471989491
3570,78.25999040062922
3571,78.63002977764937
3572,79.01797276770652
3573,79.36615651165869
3574,79.73220934175534
3575,80.10683104900733
3576,80.50229785990386
3577,80.99219216863412
3578,81.50253614435505
3579,82.05525557586255
3580,82.63707779570477
3581,83.27472465525527
3582,83.97641353097902
3583,84.72510306778614
3584,85.49972984836688
3585,86.30747681280381
3586,87.15682645039803
3587,87.98346006662076
3588,88.83049243527454
3589,89.67190451318095
3590,90.53222154375011
3591,91.37116363069988
3592,92.01208474045642
3593,92.59598356893395
3594,93.11137751330233
3595,93.6032722726943
3596,94.09185698024899
3597,94.99009952848854
3598,95.93595796567217
3599,97.06568968690596
