0,132.87676140522282
1,132.93864653375363
2,132.99941419156
3,133.0511806391255
4,133.11971938437114
5,133.20055516040145
6,133.2479592398416
7,133.01945322639247
8,132.729516477252
9,132.34755915726274
10,131.88521613811884
11,131.33179100978515
12,131.00758898878348
13,130.67167284451773
14,130.37661977899705
15,130.0957797765419
16,129.92714623851012
17,129.97649353673754
18,130.12034715277272
19,130.3265052906195
20,130.60794026405662
21,130.9630995491949
22,131.00491581715053
23,131.0173243901757
24,130.94761329332925
25,130.82986837546304
26,130.66603024582176
27,130.97562551604898
28,131.37098400435698
29,131.90328757807035
30,132.53058852753728
31,133.3358870621875
32,133.9759984888469
33,134.671307044677
34,135.3384963656513
35,136.02291268273103
36,136.6373949861358
37,137.01243069725746
38,137.3053450231732
39,137.5393014387073
40,137.71165292428927
41,137.78270750703572
42,138.00021066799752
43,138.20453528994068
44,138.45128537842822
45,138.70775571484245
46,138.97070887694528
47,139.01041682700455
48,139.00039477009926
49,138.92894550730793
50,138.81308093572443
51,138.6703102900075
52,138.97517981614118
53,139.37272227471993
54,139.8975449148435
55,140.5130080998908
56,141.30737036838252
57,141.97505129267196
58,142.70256892273633
59,143.4062482294196
60,144.13142775325466
61,144.89300435284184
62,145.96137810507648
63,147.12781509744687
64,148.39334694508898
65,149.74021598855362
66,151.14810140387652
67,152.00690816078966
68,152.77074216073171
69,153.39330840012647
70,153.92240859696287
71,154.27435786533493
72,154.9893281458259
73,155.70987130192665
74,156.53605842295065
75,157.40191916554167
76,158.46012426076607
77,159.93247622407117
78,161.60351200476154
79,163.4068761551726
80,165.35089203811722
81,167.558049199115
82,169.92191964609177
83,172.464999954947
84,175.07945567701302
85,177.80244080150914
86,180.5945484039828
87,182.97331054239947
88,185.30223713828215
89,187.54083944811964
90,189.7238173798266
91,191.762062833086
92,193.97072857564277
93,196.16398625679946
94,198.42262060204013
95,200.69558249311777
96,202.96958247055326
97,204.98155916238554
98,206.939965941069
99,208.8419924291877
100,210.7010673713059
101,212.41855772248633
102,213.9991773931072
103,215.48382407867126
104,216.93988082771202
105,218.3436596066996
106,219.65578796567112
107,220.9903217586897
108,222.28750419851684
109,223.59751115497022
110,224.89840289966597
111,226.13242846876813
112,227.01544553780064
113,227.7787191741569
114,228.44658765209297
115,229.0315633368372
116,229.4610556744002
117,230.00699836079784
118,230.50063271123227
119,231.0240661374986
120,231.53927013121628
121,232.00318575733152
122,232.0334844948001
123,231.92389105332424
124,231.6875204652646
125,231.35076240463638
126,230.78050342369153
127,230.05259103271442
128,229.15906791806663
129,228.20649061882412
130,227.1653036711311
131,226.0235655807211
132,225.02654524598697
133,223.99826218102248
134,222.9941950512532
135,221.9935615084984
136,221.03198637413027
137,220.02080324205158
138,218.99897409552062
139,217.94954818859676
140,216.89551880946934
141,215.74712293874308
142,214.07177660636793
143,212.20295062177678
144,210.16711536599323
145,207.99435929363725
146,205.55548456812483
147,203.07891121783538
148,200.44010936613915
149,197.761745052367
150,195.00468340086218
151,192.25458955345258
152,190.01484836283433
153,187.8786026309534
154,185.8611211759659
155,183.94210851691662
156,182.31248934377717
157,180.9774333146229
158,179.8375601703642
159,178.7687766317705
160,177.82232459920183
161,177.15909183534055
162,176.9485730838119
163,176.97978580908898
164,177.1363887273048
165,177.450247894086
166,178.07990540349863
167,178.93709970060885
168,180.0063536374614
169,181.1479273214438
170,182.4109318174632
171,183.81490662918023
172,184.9756329064234
173,186.15373118671423
174,187.27362570641995
175,188.37794922487825
176,189.38895490952876
177,190.31491092530348
178,191.18258621395154
179,192.03084515257683
180,192.84107974927497
181,193.5727813309627
182,194.21371159325813
183,194.79874436863096
184,195.3678253339217
185,195.90882332761197
186,196.3756807322142
187,196.75624842915798
188,197.0842888091079
189,197.3949496706371
190,197.67598468011045
191,197.8859028642123
192,198.01037138658214
193,198.08129288445372
194,198.13259201571753
195,198.15429513836287
196,198.1068569777525
197,197.97530705155432
198,197.78903835771877
199,197.5084439823688
200,197.11612728692592
201,196.62885150803788
202,196.03118564974028
203,195.3314991381554
204,194.53109943648107
205,193.63314282165132
206,192.5764428100475
207,191.0704839012679
208,189.34678482110056
209,187.42406284784744
210,185.3177365967389
211,183.0103965944359
212,181.0402938713152
213,179.0236261816715
214,177.02624179312753
215,174.9978982299076
216,173.0524757057989
217,171.0296522739283
218,168.9981600859181
219,166.87746782354063
220,164.70697187094922
221,162.59312032982382
222,160.99185829581447
223,159.5207768146087
224,158.13179445475592
225,156.81161595320788
226,155.6528817222069
227,154.0302444562082
228,152.35377745843576
229,150.4924380774864
230,148.5235151100284
231,146.4636702087242
232,144.99811740006368
233,143.62071772021721
234,142.35454354028192
235,141.14291687591074
236,140.14402879698008
237,138.99662341311458
238,137.90624498315728
239,136.7295928047229
240,135.52637948644977
241,134.28613441104133
242,133.01871799553868
243,131.7213524928814
244,130.37099124753735
245,128.96269541574654
246,127.5111172801852
247,126.02300825926362
248,124.49983003494815
249,122.92186499126073
250,121.28318977954697
251,119.61299496872124
252,118.01691366387698
253,116.41961702901229
254,114.80049014817963
255,113.14746191950209
256,111.52239843864722
257,110.0061859488138
258,108.52828092539826
259,107.04237393878859
260,105.5452698635483
261,104.13196475479437
262,102.98430391985019
263,101.94464063437408
264,100.94690686932353
265,99.98589743146485
266,99.1128107866831
267,98.00852857087179
268,96.89551846637882
269,95.68917105461041
270,94.4194900384496
271,93.08744619426562
272,91.99938406162066
273,90.94823258229769
274,89.93657924495444
275,88.92652228551222
276,87.98804654447345
277,86.99803718979763
278,86.03846371488225
279,85.04058140881295
280,84.01589384003746
281,82.97755835543974
282,82.00090150517278
283,81.04310268882212
284,80.07983233786207
285,79.09508218408115
286,78.10228806284445
287,77.01062328720455
288,75.90124628876232
289,74.74276168327822
290,73.5319867550448
291,72.2607828742192
292,71.01265040792565
293,69.7511157553534
294,68.47443956836224
295,67.15956467315594
296,65.9995578009935
297,65.91256516549387
298,66.1797996931546
299,66.7373723340425
300,67.52816183814126
301,68.69105512374664
302,68.98381169057839
303,69.26527412932788
304,69.30388505737682
305,69.22715060089418
306,68.8929600001016
307,68.98878094259142
308,69.08899043218445
309,69.30046501696833
310,69.52047034743933
311,69.83248175131573
312,69.98110414512688
313,70.15488471754135
314,70.27983343128271
315,70.37258361667328
316,70.46148885672139
317,70.95577532337627
318,71.57112689408152
319,72.29899095664015
320,73.09269792362268
321,74.04787542209408
322,74.9544442574544
323,75.95291681854192
324,76.94362728288606
325,77.94701699943971
326,78.952437035403
327,79.96754659142495
328,81.01344918654884
329,82.06771926228524
330,83.11153375898823
331,84.12069047620592
332,84.98331777488072
333,85.81893533830477
334,86.61826645458083
335,87.3670410784592
336,88.05982544558682
337,88.96660886426737
338,89.92336084420262
339,90.94475836731314
340,91.98646844481009
341,93.07000060968389
342,93.97699095004597
343,94.88456404442415
344,95.74981407483185
345,96.5784716333838
346,97.31319482725242
347,97.99047111228231
348,98.63026023274087
349,99.25802093503115
350,99.84289693283633
351,100.37753053099158
352,100.98099845519023
353,101.59682497792966
354,102.23595881853392
355,102.86909099553945
356,103.49024415709131
357,103.9892228170401
358,104.4708110202429
359,104.92267880465754
360,105.33863927424294
361,105.68045523713346
362,105.99491999312943
363,106.28344121120817
364,106.56685894374507
365,106.81995267512784
366,107.00368787247237
367,107.00843434946503
368,106.949445820629
369,106.84109724593661
370,106.67208124951895
371,106.49770481396226
372,106.95119858158742
373,107.57078734710048
374,108.37012246741007
375,109.29229388657987
376,110.17655428126062
377,109.1176413826607
378,107.57145965460525
379,105.4779908528563
380,102.96515601294112
381,99.77681755081228
382,98.0232228496234
383,96.29520187487107
384,94.9469968370865
385,93.72836786012856
386,92.9644321232758
387,91.9722378588893
388,91.1435456906144
389,90.25137702971679
390,89.40892461559652
391,88.59882116625252
392,87.98882402809959
393,87.45127124505763
394,86.96932273287923
395,86.53035442908737
396,86.20355170726413
397,85.97849014626728
398,85.8421890581051
399,85.7378727638067
400,85.67565183626968
401,85.83088916989021
402,86.90089497222824
403,88.31774202824685
404,90.00443213661174
405,91.92965659372474
406,94.1124700691804
407,95.01530792655734
408,95.74830471898407
409,96.13985666542992
410,96.32586222620398
411,96.02742750201509
412,96.03095308199003
413,95.88865512569103
414,95.82904025949895
415,95.71696276798616
416,95.55965596251285
417,95.02844121109398
418,94.38939261753518
419,93.64522014538674
420,92.8090068599807
421,91.93111188206082
422,91.95123592785596
423,92.17954068802588
424,92.66166820983783
425,93.31780621319686
426,94.31566733326143
427,94.96339015337604
428,95.70262300183154
429,96.35800848401627
430,97.02035265254166
431,97.46309467614239
432,97.06993951680751
433,96.3751103333442
434,95.44687672521687
435,94.29305664889381
436,92.80968102101352
437,92.01008861438378
438,91.22148712591807
439,90.61708332078305
440,90.07427038798852
441,89.70837516384012
442,89.00616109865139
443,88.30799345313645
444,87.51712591444434
445,86.69485877094095
446,85.78157641872176
447,85.01155381581694
448,84.23529612849168
449,83.49683960086223
450,82.76453256050354
451,82.03064966119709
452,81.02771038453098
453,79.95838976979968
454,78.81122495465257
455,77.60496426056956
456,76.39858429597194
457,75.96259899313549
458,75.71855748529137
459,75.69056844344526
460,75.82038981884128
461,76.2063504253991
462,76.00171823702988
463,75.78156543504782
464,75.40380237993462
465,74.96276157687265
466,74.35268206021382
467,74.00636335051885
468,73.64936679510377
469,73.36655671665721
470,73.09852616499668
471,72.94011484292336
472,72.9729265962754
473,73.1118310755064
474,73.31047349650191
475,73.57423243681365
476,73.90956866693553
477,73.99916554990587
478,74.07109955915651
479,74.08149777320062
480,74.05854495279398
481,73.95960587188164
482,73.99663172181653
483,74.0377807018065
484,74.12123651425877
485,74.21601323506997
486,74.41013579901376
487,74.95699321618012
488,75.64740698277708
489,76.44619150529078
490,77.34312692226104
491,78.24551092779247
492,78.05681144928093
493,77.60969614822173
494,76.86247318254057
495,75.8916720679398
496,74.6639550692196
497,74.94118926505003
498,75.46993429405565
499,76.42100678146454
500,77.62546273661577
501,79.29753980129155
502,79.98500338001288
503,80.6651236382453
504,81.08637540170706
505,81.41544371168031
506,81.47655252512637
507,81.9935923706928
508,82.50348890001385
509,83.14578845327462
510,83.82354978805897
511,84.5873784381114
512,84.99955061604733
513,85.37355554874837
514,85.65749366788027
515,85.89111698428415
516,85.97474018364704
517,86.01619568546363
518,85.97971419289763
519,85.93379108654668
520,85.84632107923842
521,85.75399736608612
522,85.97831833948855
523,86.28162234405329
524,86.67799240887523
525,87.14091674877187
526,87.58836898210686
527,87.06107627070206
528,86.28750646028612
529,85.24179968280453
530,83.99151178509157
531,82.34591606687196
532,81.04752135254795
533,79.63758969334859
534,78.31267035362887
535,76.96622518507047
536,75.87060796253053
537,75.91053593267922
538,76.34809616997983
539,77.10777726495334
540,78.16173238853156
541,79.62268867611434
542,80.00327233849261
543,80.32068383974433
544,80.34905551092334
545,80.25151738128942
546,79.73154510419617
547,79.06481112031602
548,78.15939661812301
549,77.20654772287035
550,76.12577394043032
551,75.03869317178118
552,74.94873502916225
553,75.09910729261604
554,75.5286264331189
555,76.16371276580819
556,77.09230970727343
557,77.02015443497974
558,76.84570795096626
559,76.39883999831234
560,75.81467427980161
561,74.97841322658505
562,74.98219077801734
563,75.07318013737104
564,75.39815639143373
565,75.84025142576712
566,76.55901641006491
567,76.97665776970148
568,77.45735087370996
569,77.86328414604368
570,78.27358473902885
571,78.61736349313824
572,78.99742188438243
573,79.3598680286065
574,79.73750049861837
575,80.11016518969338
576,80.49888925914968
577,80.98363597005952
578,81.50437734512202
579,82.0580541076533
580,82.63817258444263
581,83.27590558420661
582,83.9770309548754
583,84.72745298640498
584,85.50379330787062
585,86.3101743518445
586,87.15568577424816
587,87.98142614043395
588,88.82806135325876
589,89.67800132366644
590,90.53692145122545
591,91.36439958229151
592,92.00187089186322
593,92.58321306117081
594,93.11785715059403
595,93.60945617348168
596,94.07475216926493
597,94.96472006294303
598,95.95193569377614
599,97.06510557888907
